name	chrom	start	stop	length
LOC102725121	1	182388	184878	2490
LOC100133331	1	725759	730351	4592
LOC100288069	1	764865	778688	13823
LINC01128	1	827591	859446	31855
FAM41C	1	868071	876802	8731
LOC100288175	1	1059734	1066453	6719
B3GALT6	1	1232237	1235040	2803
C1QTNF12	1	1242453	1246722	4269
PUSL1	1	1308580	1311677	3097
CPTP	1	1324802	1328896	4094
MRPL20-AS1	1	1399530	1402046	2516
MRPL20	1	1401909	1407293	5384
ANKRD65	1	1418420	1421444	3024
FNDC10	1	1598012	1600135	2123
LOC105378586	1	1599433	1607210	7777
MMP23A	1	1632780	1701808	69028
FAAP20	1	2184460	2212720	28260
PRDM16	1	3069203	3438621	369418
ARHGEF16	1	3454665	3481113	26448
TPRG1L	1	3625015	3630127	5112
WRAP73	1	3630770	3650103	19333
CEP104	1	3812086	3857211	45125
LINC01777	1	4412051	4424684	12633
LINC01646	1	4571487	4583704	12217
AJAP1	1	4654609	4792522	137913
TNFRSF25	1	6461154	6466195	5041
TAS1R1	1	6555307	6579755	24448
THAP3	1	6624865	6635586	10721
PER3	1	7784187	7845180	60993
ERRFI1	1	8011727	8026309	14582
SLC2A7	1	9003300	9026345	23045
GPR157	1	9100305	9129102	28797
H6PD	1	9234774	9271335	36561
LZIC	1	9922118	9943391	21273
NMNAT1	1	9942923	9985498	42575
TMEM274P	1	9950572	9960787	10215
UBE4B	1	10032958	10181238	148280
CENPS-CORT	1	10430433	10452153	21720
SRM	1	11054590	11060018	5428
EXOSC10	1	11066619	11099869	33250
UBIAD1	1	11273198	11299571	26373
FBXO2	1	11648387	11654429	6042
FBXO44	1	11654407	11663327	8920
FBXO6	1	11664200	11674352	10152
MTHFR	1	11785726	11805964	20238
MIIP	1	12019498	12032045	12547
DHRS3	1	12567910	12618210	50300
AADACL4	1	12644547	12667086	22539
PRAMEF1	1	12791397	12796628	5231
PRAMEF17	1	13389632	13392629	2997
TMEM51	1	15152532	15220478	67946
FHAD1	1	15247225	15398127	150902
DNAJC16	1	15526813	15571733	44920
RSC1A1	1	15659713	15662030	2317
SLC25A34	1	15736258	15741392	5134
SLC25A34-AS1	1	15740051	15749890	9839
CPLANE2	1	16231692	16237183	5491
SZRD1	1	16367242	16398145	30903
NECAP2	1	16440672	16460089	19417
NBPF1	1	16562323	16613564	51241
CROCCP2	1	16618256	16630906	12650
CROCC	1	16921931	16972960	51029
MFAP2	1	16974504	16981586	7082
ACTL8	1	17755333	17827063	71730
IFFO2	1	18904280	18956676	52396
UBR4	1	19074511	19210266	135755
EMC1	1	19215661	19251524	35863
MRTO4	1	19251805	19260128	8323
LOC100506730	1	19293247	19295736	2489
AKR7A2	1	19302708	19312146	9438
SLC66A1	1	19312326	19332428	20102
LOC105378614	1	19591802	19596832	5030
NBL1	1	19643229	19658456	15227
TMCO4	1	19682213	19799916	117703
PLA2G2C	1	20163055	20177439	14384
UBXN10	1	20186096	20196050	9954
MUL1	1	20499448	20508151	8703
EIF4G3	1	20806292	21176897	370605
RAP1GAP	1	21596221	21669357	73136
HSPG2	1	21822244	21937310	115066
ZBTB40	1	22451851	22531157	79306
LUZP1	1	23084023	23168858	84835
ELOA	1	23743366	23762059	18693
LYPLA2	1	23791145	23795539	4394
PNRC2	1	23959828	23963459	3631
MYOM3	1	24056041	24112135	56094
GRHL3	1	24319357	24364480	45123
RUNX3	1	24899511	24965010	65499
TMEM50A	1	25338334	25362361	24027
RHCE	1	25362249	25420914	58665
LDLRAP1	1	25543606	25568886	25280
MTFR1L	1	25819906	25832942	13036
STMN1	1	25884179	25906877	22698
C1orf232	1	26164161	26168582	4421
CNKSR1	1	26177491	26189884	12393
DHDDS	1	26432282	26471304	39022
DHDDS-AS1	1	26462757	26467537	4780
HMGN2	1	26472440	26476642	4202
FCN3	1	27369110	27374852	5742
FGR	1	27612064	27635185	23121
LINC02574	1	27660328	27662722	2394
RPA2	1	27891526	27914797	23271
PTAFR	1	28147166	28193936	46770
PHACTR4	1	28369740	28500364	130624
RCC1	1	28505943	28539294	33351
TRNAU1AP	1	28553017	28578545	25528
RAB42	1	28592265	28595449	3184
LINC01715	1	28643256	28648799	5543
YTHDF2	1	28736621	28769775	33154
TMEM200B	1	29119425	29123903	4478
LINC01756	1	29329620	29350114	20494
MATN1	1	30711277	30723585	12308
LAPTM5	1	30732469	30757774	25305
SDC3	1	30869466	30908758	39292
SNORD103B	1	30935689	30949205	13516
HCRTR1	1	31617700	31627318	9618
ADGRB2	1	31727105	31764340	37235
SPOCD1	1	31790422	31816051	25629
TMEM39B	1	32072031	32102866	30835
TMEM234	1	32214477	32222371	7894
HDAC1	1	32292083	32333626	41543
MARCKSL1	1	32333839	32336233	2394
KIAA1522	1	32741830	32774970	33140
TRIM62	1	33145399	33182043	36644
TMEM35B	1	34981526	34985347	3821
ZMYM6	1	34986166	35031945	45779
TFAP2E	1	35573314	35595326	22012
PSMB2	1	35599541	35641526	41985
TEKT2	1	36084094	36088275	4181
THRAP3	1	36224443	36305356	80913
SH3D21	1	36306368	36321347	14979
OSCP1	1	36417906	36450485	32579
GNL2	1	37566812	37595985	29173
MTF1	1	37809575	37859592	50017
UTP11	1	38012734	38024820	12086
RHBDL2	1	38885807	38941830	56023
PABPC4	1	39560816	39576790	15974
BMP8B	1	39757182	39788865	31683
MYCL	1	39895428	39901917	6489
MFSD2A	1	39955112	39969968	14856
PPT1	1	40071461	40097470	26009
ZMPSTE24	1	40258236	40294180	35944
CTPS1	1	40979696	41012565	32869
SLFNL1-AS1	1	41014590	41043890	29300
GUCA2A	1	42162690	42164745	2055
RIMKLA	1	42380792	42424232	43440
CCDC30	1	42456107	42657190	201083
PPCS	1	42456341	42473378	17037
LOC339539	1	42857622	42888792	31170
SLC2A1	1	42925375	42958868	33493
CFAP57	1	43172330	43254358	82028
HYI	1	43450990	43453989	2999
KLF17	1	44118821	44135137	16316
DMAP1	1	44213471	44220673	7202
ERI3-IT1	1	44222595	44244283	21688
PTCH2	1	44819844	44843253	23409
HECTD3	1	45002548	45011324	8776
UROD	1	45012254	45015575	3321
CCDC17	1	45620044	45624054	4010
PIK3R3	1	46040140	46174901	134761
LOC101929626	1	46133371	46139080	5709
TMEM275	1	46532166	46535515	3349
MOB3C	1	46607715	46616891	9176
ATPAF1	1	46635039	46668427	33388
CYP4B1	1	46799046	46819413	20367
CYP4A22	1	47137425	47149727	12302
PDZK1IP1	1	47183582	47190036	6454
TAL1	1	47216290	47232335	16045
CDKN2C	1	50968695	50974634	5939
C1orf185	1	51102228	51148085	45857
LINC01562	1	51195095	51235096	40001
TTC39A	1	51287258	51345116	57858
NRDC	1	51789194	51878937	89743
TXNDC12	1	52020132	52056171	36039
ZFYVE9	1	52142089	52346686	204597
CC2D1B	1	52350593	52366205	15612
GPX7	1	52602371	52609051	6680
ZYG11B	1	52726453	52827336	100883
CPT2	1	53196824	53214197	17373
DMRTB1	1	53459399	53467487	8088
NDC1	1	53765481	53838296	72815
DIO1	1	53894187	53911086	16899
TMEM59	1	54026681	54053573	26892
SSBP3	1	54225432	54406394	180962
ACOT11	1	54548228	54639192	90964
MROH7	1	54641740	54710267	68527
PARS2	1	54756898	54764523	7625
C8B	1	56929207	56966140	36933
DAB1-AS1	1	57860581	57863216	2635
C1orf87	1	59990394	60073770	83376
LINC01748	1	60515716	60622685	106969
USP1	1	62436304	62451804	15500
ANGPTL3	1	62597520	62606313	8793
LINC01739	1	63000497	63012471	11974
CACHD1	1	64470129	64693058	222929
LINC01359	1	64979577	65002476	22899
TCTEX1D1	1	66752459	66779047	26588
C1orf141	1	67092166	67134970	42804
SERBP1	1	67407810	67430402	22592
GADD45A	1	67685201	67688334	3133
DIRAS3	1	68045886	68051631	5745
RPE65	1	68428822	68449954	21132
LRRC40	1	70144805	70205579	60774
SRSF11	1	70205696	70253049	47353
ANKRD13C	1	70258999	70354722	95723
LINC01788	1	70706453	70786468	80015
ZRANB2	1	71063291	71081035	17744
LINC01360	1	73306170	73338877	32707
ASB17	1	75918873	75932404	13531
LOC101927342	1	76011324	76019356	8032
PIGK	1	77088990	77219430	130440
FUBP1	1	77944055	77979205	35150
DNAJB4	1	77979158	78017964	38806
IFI44	1	78649789	78664078	14289
LINC01781	1	80535755	80646788	111033
DNASE2B	1	84398532	84415008	16476
LINC01555	1	84628230	84635020	6790
WDR63	1	85062298	85133138	70840
C1orf52	1	85249954	85259662	9708
CLCA2	1	86424171	86456553	32382
LINC02801	1	87212669	87251331	38662
LINC01364	1	87353526	87371655	18129
PKN2-AS1	1	88537513	88685204	147691
LRRC8B	1	89524829	89597861	73032
LRRC8C-DT	1	89624849	89632894	8045
LRRC8C	1	89633120	89719531	86411
HFM1	1	91260766	91404837	144071
EPHX4	1	92029985	92063538	33553
RPAP2	1	92299059	92402056	102997
FNBP1L	1	93448118	93554661	106543
ABCD3	1	94418377	94518663	100286
ALG14	1	94974405	95072951	98546
TLCD4-RWDD3	1	95117923	95244953	127030
LINC02790	1	95992068	96022880	30812
DPYD-AS1	1	97095923	97322955	227032
MIR137HG	1	97988000	98049693	61693
LINC01776	1	98210711	98272658	61947
LOC100129620	1	99004276	99148852	144576
PLPPR4	1	99264292	99309582	45290
FRRS1	1	99703967	99766635	62668
SLC30A7	1	100896090	100981757	85667
FAM102B	1	108560100	108639320	79220
PRPF38B	1	108692310	108702928	10618
STXBP3	1	108746674	108809519	62845
AKNAD1	1	108815903	108858244	42341
WDR47	1	108970216	109042228	72012
SARS1	1	109213893	109238182	24289
MYBPHL	1	109292365	109307011	14646
PSMA5	1	109399042	109426448	27406
SYPL2	1	109466546	109482134	15588
ATXN7L2	1	109483905	109492798	8893
GSTM2	1	109668022	109683997	15975
AHCYL1	1	109984765	110023742	38977
LINC01397	1	110082688	110109719	27031
LAMTOR5	1	110401255	110407924	6669
CYMP	1	110480766	110491269	10503
ST7L	1	112523515	112619418	95903
LINC01356	1	112820169	112850643	30474
MAGI3	1	113390515	113685923	295408
BCL2L15	1	113876816	113887581	10765
DCLRE1B	1	113904619	113914086	9467
OLFML3	1	113979391	113982254	2863
TRIM33	1	114392793	114511203	118410
BCAS2	1	114567560	114581615	14055
CSDE1	1	114716913	114758050	41137
TSPAN2	1	115048011	115089503	41492
ATP1A1	1	116373244	116404776	31532
CD58	1	116514534	116571093	56559
IGSF3	1	116574398	116667755	93357
CD101	1	117001750	117036551	34801
TTF2	1	117060326	117107453	47127
WARS2-AS1	1	119140396	119275973	135577
HAO2	1	119368785	119394130	25345
HSD3B2	1	119414931	119423039	8108
HMGCS2	1	119747996	119768932	20936
REG4	1	119794017	119811460	17443
NBPF7	1	119834765	119844880	10115
ADAM30	1	119893533	119896515	2982
SEC22B	1	120150898	120176520	25622
NBPF8	1	120415027	120469670	54643
LOC101929798	1	120985692	121052167	66475
FAM72B	1	121167646	121184318	16672
DRD5P2	1	144274553	144691823	417270
NBPF15	1	144421386	144459464	38078
CD160	1	145719499	145739288	19789
ANKRD35	1	145866560	145885866	19306
PEX11B	1	145911348	145918924	7576
GNRHR2	1	145919013	145925341	6328
ANKRD34A	1	145959441	145964575	5134
POLR3GL	1	145964682	145978848	14166
TXNIP	1	145992442	145996579	4137
NOTCH2NLA	1	146151908	146229032	77124
NBPF13P	1	147099482	147114346	14864
LOC101927468	1	148208093	148247071	38978
PDE4DIP	1	148808181	149033019	224838
LOC653513	1	148929141	149201146	272005
NOTCH2NLC	1	149390621	149471833	81212
H3C15	1	149840687	149853125	12438
H2AC18	1	149842218	149851594	9376
SF3B4	1	149923317	149927803	4486
C1orf54	1	150272284	150280924	8640
RPRD2	1	150364111	150476565	112454
TARS2	1	150487419	150507602	20183
CERS2	1	150965173	150975003	9830
BNIPL	1	151036586	151047720	11134
CDC42SE1	1	151050971	151059649	8678
SEMA6C	1	151131687	151146631	14944
TMOD4	1	151169987	151175981	5994
VPS72	1	151176306	151190197	13891
PI4KB	1	151291797	151327715	35918
SELENBP1	1	151364304	151372705	8401
TDRKH	1	151771568	151790534	18966
RORC	1	151806071	151831802	25731
THEM5	1	151847101	151853712	6611
FLG	1	152302165	152325239	23074
FLG2	1	152348735	152360006	11271
S100A7A	1	153416520	153423222	6702
S100A5	1	153537147	153541765	4618
S100A16	1	153606883	153613137	6254
S100A14	1	153614256	153616325	2069
ILF2	1	153661788	153671028	9240
JTB	1	153974269	153977674	3405
RAB13	1	153981605	153986339	4734
NUP210L	1	153992692	154155116	162424
UBAP2L	1	154220172	154271510	51338
SHE	1	154479483	154502412	22929
CHRNB2	1	154567778	154580010	12232
ADAR	1	154582058	154627997	45939
PYGO2	1	154957026	154961782	4756
EFNA1	1	155127876	155134899	7023
UBQLN4	1	156035299	156053798	18499
PMF1	1	156212988	156240077	27089
PMF1-BGLAP	1	156212988	156243332	30344
CCT3	1	156308961	156338415	29454
NAXE	1	156591776	156594299	2523
NES	1	156668763	156677407	8644
SH2D2A	1	156806243	156816848	10605
FCRL4	1	157573748	157598085	24337
KIRREL1-IT1	1	158025550	158032098	6548
LINC01704	1	158132044	158140640	8596
CD1E	1	158353696	158357553	3857
CADM3-AS1	1	159195985	159202422	6437
OR10J1	1	159397465	159440967	43502
SLAMF8	1	159826873	159837492	10619
KCNJ10	1	160037467	160070160	32693
ATP1A2	1	160115759	160143584	27825
ATP1A4	1	160151603	160186980	35377
PEA15	1	160205384	160215372	9988
PEX19	1	160276809	160285151	8342
VANGL2	1	160400564	160428670	28106
F11R	1	160995211	161021152	25941
PFDN2	1	161100561	161118037	17476
UFC1	1	161153978	161158856	4878
PPOX	1	161166426	161171220	4794
FCGR2C	1	161581339	161601220	19881
DUSP12	1	161749786	161757238	7452
ATF6	1	161766320	161964070	197750
SPATA46	1	162373203	162376854	3651
SH2D1B	1	162395268	162412136	16868
DDR2	1	162630863	162787405	156542
NUF2	1	163321954	163355759	33805
PBX1	1	164559184	164886047	326863
ALDH9A1	1	165662212	165698663	36451
CREG1	1	167541014	167553762	12748
DCAF6	1	167936239	168075843	139604
TBX19	1	168280877	168314426	33549
LOC101928565	1	168464114	168495644	31530
METTL18	1	169792532	169794907	2375
METTL11B	1	170146047	170167782	21735
FMO1	1	171248471	171285978	37507
FMO4	1	171314183	171342084	27901
MYOC	1	171635417	171652688	17271
DNM3	1	171841498	172418463	576965
C1orf105	1	172420685	172468829	48144
PIGC	1	172441457	172444069	2612
TNFSF4	1	173183731	173207331	23600
PRDX6	1	173477335	173488815	11480
ANKRD45	1	173608336	173669851	61515
DARS2	1	173824673	173858546	33873
ASTN1	1	176857305	177164904	307599
FAM163A	1	179727776	179816198	88422
TOR1AIP1	1	179882042	179920077	38035
QSOX1	1	180154833	180204030	49197
XPR1	1	180632022	180890279	258257
KIAA1614-AS1	1	180949691	180954887	5196
MR1	1	181033425	181061938	28513
CACNA1E	1	181483517	181808084	324567
GLUL	1	182378093	182392206	14113
RGSL1	1	182450146	182560597	110451
RGS8	1	182641814	182672932	31118
LOC647070	1	182833672	182839591	5919
SHCBP1L	1	182899865	182953166	53301
LAMC1	1	183023420	183145592	122172
LAMC2	1	183186264	183245127	58863
NCF2	1	183555562	183590914	35352
COLGALT2	1	183929662	184037728	108066
NIBAN1	1	184791032	184974508	183476
HMCN1	1	185734391	186190949	456558
PRG4	1	186296273	186314565	18292
LINC01720	1	190624890	190801658	176768
RGS1	1	192575773	192580024	4251
LINC01031	1	193304745	193365953	61208
CFH	1	196651878	196747504	95626
CFHR1	1	196819731	196832189	12458
CFHR5	1	196977556	197009678	32122
ASPM	1	197084127	197146694	62567
C1orf53	1	197902630	197907359	4729
LINC02789	1	199148598	199393307	244709
ZNF281	1	200404951	200410036	5085
TNNT2	1	201359014	201377680	18666
PHLDA3	1	201464278	201469188	4910
LOC107985246	1	201507213	201534784	27571
NAV1	1	201648322	201826974	178652
TIMM17A	1	201955503	201970664	15161
RNPEP	1	201982648	202006143	23495
ELF3-AS1	1	202000051	202010353	10302
ELF3	1	202010587	202017180	6593
GPR37L1	1	202122917	202133592	10675
ARL8A	1	202133404	202144743	11339
PTPRVP	1	202168051	202189449	21398
MGAT4EP	1	202820257	202827213	6956
LOC148709	1	202861754	202875241	13487
KLHL12	1	202891121	202928599	37478
ADORA1	1	203127726	203167405	39679
FMOD	1	203340628	203351122	10494
LINC00303	1	204032447	204041264	8817
SOX13	1	204073115	204127743	54628
CNTN2	1	205042949	205078289	35340
DSTYK	1	205142505	205211702	69197
NUAK2	1	205302063	205321745	19682
LEMD1-AS1	1	205373252	205387440	14188
RAB29	1	205767986	205775482	7496
PM20D1	1	205828025	205850132	22107
LOC284581	1	205862079	205896087	34008
SLC26A9	1	205913048	205943460	30412
RAB7B	1	205976740	206003395	26655
RHEX	1	206053173	206102449	49276
AVPR1B	1	206106937	206117388	10451
EIF2D	1	206591643	206612551	20908
IL19	1	206770773	206842981	72208
C1orf116	1	207018522	207032756	14234
C4BPA	1	207104233	207144972	40739
CD46	1	207752038	207795516	43478
LINC01774	1	208972454	208975307	2853
MIR205HG	1	209428820	209432547	3727
LAMB3	1	209614873	209652425	37552
TRAF5	1	211326615	211374944	48329
LPGAT1-AS1	1	211829637	211853703	24066
INTS7	1	211940399	212035660	95261
DTL	1	212035553	212105013	69460
LINC02608	1	212213002	212285021	72019
BATF3	1	212686417	212699840	13423
PROX1-AS1	1	213819641	213986153	166512
PROX1	1	213987973	214041504	53531
CENPF	1	214603195	214664571	61376
LYPLAL1	1	219173831	219212865	39034
ZC3H11B	1	219608012	219613145	5133
EPRS1	1	219968600	220046505	77905
BPNT1	1	220057482	220089853	32371
HLX-AS1	1	220832763	220880140	47377
TAF1A	1	222557902	222589933	32031
BROX	1	222712553	222735196	22643
FAM177B	1	222737216	222750805	13589
TLR5	1	223109404	223143248	33844
SUSD4	1	223220833	223364176	143343
GTF2IP20	1	223951266	223992644	41378
EPHX1	1	225810074	225845561	35487
ACBD3-AS1	1	226148003	226154977	6974
SNAP47	1	227728168	227781231	53063
LINC02809	1	228073909	228076550	2641
ARF1	1	228082660	228099212	16552
RAB4A	1	229271062	229305893	34831
NUP133	1	229440259	229508341	68082
LINC01737	1	230592660	230595583	2923
COG2	1	230642481	230693982	51501
ARV1	1	230979094	231000733	21639
FAM89A	1	231018958	231040254	21296
LOC149373	1	231184099	231187627	3528
SIPA1L2	1	232397966	232515608	117642
LINC01744	1	232727254	232742715	15461
COA6	1	234373456	234385080	11624
TARBP1	1	234391313	234479179	87866
IRF2BP2	1	234604269	234609525	5256
LOC101927787	1	234646289	234660924	14635
EDARADD	1	236394286	236484930	90644
HEATR1	1	236549005	236604516	55511
RYR2	1	237042184	237833988	791804
CHRM3	1	239386568	239915449	528881
EXO1	1	241848191	241889939	41748
MAP1LC3C	1	241995490	241999098	3608
C1orf100	1	244352635	244389663	37028
LOC101928068	1	244965204	244970869	5665
SCCPDH	1	246724409	246768137	43728
ZNF695	1	246945546	247008057	62511
ZNF670-ZNF695	1	246945547	247078813	133266
ZNF670	1	247034637	247078811	44174
ZNF669	1	247099962	247104372	4410
FLJ39095	1	247104511	247109561	5050
ZNF124	1	247121975	247172017	50042
GCSAML-AS1	1	247524679	247530804	6125
ZNF692	1	248850008	248859085	9077
DIP2C	10	274201	689668	415467
LINC00700	10	2005473	2014348	8875
PFKP	10	3067548	3136805	69257
PITRM1	10	3137727	3172841	35114
LINC00705	10	4656156	4662414	6258
AKR1E2	10	4826177	4848059	21882
AKR1C6P	10	4871667	4916273	44606
TASOR2	10	5684838	5763740	78902
GDI2	10	5765223	5813549	48326
KIN	10	7750962	7787993	37031
TAF3	10	7818505	8016631	198126
LINC00710	10	10934940	10952163	17223
CAMK1D	10	12349547	12835545	485998
CCDC3	10	12896625	13099989	203364
PHYH	10	13277796	13300130	22334
LOC101928453	10	14074284	14087879	13595
CDNF	10	14819245	14838037	18792
ACBD7	10	15075475	15088776	13301
ITGA8	10	15513949	15720335	206386
VIM	10	17228241	17237593	9352
ST8SIA6	10	17315421	17454595	139174
STAM-AS1	10	17641284	17643918	2634
STAM	10	17644151	17716822	72671
SLC39A12-AS1	10	18001786	18010562	8776
ARL5B	10	18659431	18681639	22208
PLXDC2	10	19816432	20289855	473423
MLLT10	10	21533349	21743630	210281
COMMD3	10	22316388	22320305	3917
SPAG6	10	22345445	22417610	72165
PIP4K2A	10	22534837	22714578	179741
PRTFDC1	10	24848614	24952606	103992
THNSL1	10	25016612	25026664	10052
LINC01516	10	25113058	25161233	48175
GAD2	10	26216307	26304562	88255
ACBD5	10	27182838	27242111	59273
MKX-AS1	10	27744615	27767799	23184
MPP7	10	28050994	28303064	252070
BAMBI	10	28677521	28682932	5411
LINC01517	10	28743650	28808219	64569
LINC00837	10	28789311	28796050	6739
MAP3K8	10	30434021	30461833	27812
LINC02664	10	31187883	31261552	73669
ZEB1-AS1	10	31307717	31320447	12730
ZEB1	10	31318417	31529814	211397
CUL2	10	35008551	35090614	82063
GJD4	10	35605341	35608935	3594
FZD8	10	35638249	35641434	3185
LINC00839	10	42475491	42495337	19846
LOC105378269	10	42755142	42769621	14479
LINC02623	10	42871521	42874060	2539
RET	10	43077027	43130349	53322
RASGEF1A	10	43194533	43267065	72532
LINC00841	10	43909296	43981265	71969
ZNF22	10	45000923	45005326	4403
RSU1P2	10	45099476	45154596	55120
ANKRD30BP3	10	45154662	45186041	31379
PARGP1-AGAP4	10	45825594	45972374	146780
MSMB	10	46033305	46046269	12964
LINC00842	10	46398362	46453306	54944
GDF2	10	47322454	47327588	5134
ZNF488	10	47365496	47384293	18797
FAM25C	10	47487219	47999791	512572
BMS1P2-AGAP9	10	47501753	47553500	51747
MAPK8	10	48306639	48439359	132720
FAM170B-AS1	10	49121839	49151547	29708
FAM170B	10	49131156	49134020	2864
PARG	10	49818274	49942027	123753
TIMM23B	10	49942033	49974850	32817
FAM21EP	10	50021182	50067803	46621
SGMS1	10	50305601	50623956	318355
LOC102724719	10	51062579	51068552	5973
CSTF2T	10	51695486	51699595	4109
PRKG1-AS1	10	52296848	52314128	17280
DKK1	10	52314281	52317657	3376
ZWINT	10	56357228	56361273	4045
BICC1	10	58512872	58831435	318563
FAM133CP	10	58715015	58717533	2518
PHYHIPL	10	59176643	59247774	71131
FAM13C	10	59246129	59363181	117052
SLC16A9	10	59650764	59710079	59315
ANK3	10	60026298	60733528	707230
LOC283045	10	62339588	62375127	35539
ADO	10	62804720	62808479	3759
EGR2	10	62811996	62819167	7171
DNAJC12	10	67796669	67838188	41519
HNRNPH3	10	68331693	68343196	11503
VPS26A	10	69124153	69174416	50263
HKDC1	10	69220332	69267551	47219
SAR1A	10	70147289	70170514	23225
PPA1	10	70202836	70233429	30593
NODAL	10	70431936	70447948	16012
C10orf105	10	71711701	71737850	26149
SPOCK2	10	72059034	72089032	29998
NUDT13	10	73110375	73131828	21453
ECD	10	73133675	73168095	34420
FAM149B1	10	73168119	73244504	76385
MRPS16	10	73248849	73252644	3795
SYNPO2L	10	73644886	73656029	11143
AGAP5	10	73674275	73697796	23521
SEC24C	10	73744372	73772161	27789
ZSWIM8-AS1	10	73796514	73801399	4885
PLAU	10	73911101	73917500	6399
AP3M1	10	74120255	74150828	30573
DUSP13	10	75094432	75109212	14780
KCNMA1-AS2	10	77140831	77150100	9269
LINC00595	10	78267342	78280213	12871
ZCCHC24	10	79382327	79445624	63297
NUTM2B	10	79703227	79712757	9530
ANXA11	10	80150889	80205808	54919
LINC00857	10	80207710	80219657	11947
DYDC1	10	80336102	80356758	20656
TSPAN14	10	80454265	80533124	78859
NRG3-AS1	10	82229014	82232920	3906
CERNA2	10	84167228	84172076	4848
LINC00858	10	84279980	84294659	14679
GRID1-AS1	10	85577731	85607215	29484
WAPL	10	86435256	86521792	86536
LDB3	10	86666788	86736072	69284
SNCG	10	86955759	86963258	7499
AGAP11	10	86970336	87010203	39867
NUTM2A-AS1	10	87238667	87342558	103891
MINPP1	10	87504466	87553461	48995
PAPSS2	10	87659878	87747705	87827
ATAD1	10	87751512	87818231	66719
RNLS	10	88273864	88583325	309461
LIPJ	10	88586762	88606976	20214
LIPN	10	88761406	88778242	16836
LIPM	10	88802730	88820546	17816
ANKRD22	10	88819896	88851844	31948
STAMBPL1	10	88880245	88923487	43242
IFIT1	10	89392546	89406487	13941
LINC01374	10	89853906	89914956	61050
PCGF5	10	91163012	91284337	121325
TNKS2	10	91798426	91865475	67049
BTAF1	10	91923770	92031437	107667
IDE	10	92451684	92574095	122411
FFAR4	10	93566665	93590072	23407
PDE6C	10	93612537	93666010	53473
FRA10AC1	10	93667883	93702959	35076
PIPSL	10	93958140	93961915	3775
HELLS	10	94545767	94602099	56332
BLNK	10	96191699	96271576	79877
FRAT1	10	97319271	97321915	2644
HOGA1	10	97584345	97612798	28453
MORN4	10	97614553	97634156	19603
LINC00866	10	97828478	97849798	21320
PYROXD2	10	98383568	98415182	31614
HPSE2	10	98457077	99235875	778798
ERLIN1	10	100150094	100186029	35935
PKD2L1	10	100288151	100330228	42077
MRPL43	10	100977820	100987515	9695
LINC02681	10	101252821	101263550	10729
KCNIP2-AS1	10	101819068	101828889	9821
KCNIP2	10	101825974	101843920	17946
ELOVL3	10	102226299	102229587	3288
NFKB2	10	102394110	102402529	8419
PSD	10	102402617	102419934	17317
FBXL15	10	102419814	102423136	3322
BORCS7	10	102854259	102864961	10702
LOC107984265	10	102898703	102918335	19632
RPEL1	10	103245887	103248016	2129
INA	10	103277138	103290346	13208
ATP5MD	10	103389051	103396475	7424
CALHM3	10	103472804	103479240	6436
STN1	10	103877569	103918184	40615
SLK	10	103967140	104029233	62093
CFAP43	10	104129888	104232377	102489
ITPRIP	10	104309696	104338465	28769
ITPRIP-AS1	10	104323364	104326745	3381
SORCS3	10	104641290	105265242	623952
LINC01435	10	107871576	108069293	197717
ADD3	10	109996373	110135565	139192
MXI1	10	110207605	110287365	79760
RBM20	10	110644336	110839468	195132
ACSL5	10	112374116	112428380	54264
DCLRE1A	10	113834725	113854394	19669
ABLIM1	10	114431110	114768304	337194
PNLIPRP3	10	116427847	116477956	50109
KCNK18	10	117197489	117210299	12810
PDZD8	10	117277274	117375440	98166
EIF3A	10	119033672	119080817	47145
PRDX3	10	119167720	119178812	11092
GRK5	10	119207571	119459745	252174
MCMBP	10	119829404	119873628	44224
SEC23IP	10	119892730	119944656	51926
LINC01561	10	120597949	120600123	2174
WDR11	10	120851362	120909524	58162
ATE1-AS1	10	121928312	121951965	23653
NSMCE4A	10	121957091	121975217	18126
PLEKHA1	10	122374708	122442600	67892
HTRA1	10	122461553	122514907	53354
DMBT1	10	122560665	122643736	83071
LOC112577516	10	122672850	122679048	6198
C10orf120	10	122697709	122699846	2137
FAM24B-CUZD1	10	122832155	122879641	47486
PSTK	10	122980401	122990390	9989
HMX3	10	123135970	123139423	3453
BUB3	10	123154244	123170467	16223
OAT	10	124397303	124418976	21673
NKX1-2	10	124445244	124450035	4791
BCCIP	10	125823546	125853695	30149
ADAM12	10	126012391	126388477	376086
LINC00601	10	126413869	126421879	8010
INSYN2A	10	127135430	127196591	61161
MGMT	10	129467241	129770983	303742
CTAGE7P	10	130106009	130108837	2828
TCERG1L	10	131092391	131311721	219330
BNIP3	10	131967683	131982013	14330
DPYSL4	10	132186948	132205759	18811
STK32C	10	132207482	132331880	124398
INPP5A	10	132537787	132783480	245693
CFAP46	10	132808392	132942570	134178
TUBGCP2	10	133278630	133312337	33707
ODF3	11	196761	200258	3497
BET1L	11	202924	207422	4498
PGGHG	11	289126	296107	6981
SIGIRR	11	405716	417397	11681
GATD1	11	767223	777487	10264
LOC171391	11	777578	784284	6706
PNPLA2	11	818914	825571	6657
CRACR2B	11	827919	831991	4072
POLR2L	11	839721	842529	2808
MUC5B	11	1223066	1262172	39106
MUC5B-AS1	11	1242261	1249676	7415
TNNI2	11	1838981	1841678	2697
TNNT3	11	1919703	1938702	18999
IGF2	11	2129112	2149603	20491
IGF2-AS	11	2140512	2148666	8154
TH	11	2163929	2171815	7886
TSPAN32	11	2302013	2318200	16187
TSSC4	11	2400750	2403876	3126
TSSC2	11	3380961	3409148	28187
TRPC2	11	3626460	3637559	11099
ART1	11	3645128	3664416	19288
RRM1	11	4094685	4138932	44247
OR51E1	11	4643982	4655486	11504
MMP26	11	4988191	4992429	4238
OLFM5P	11	5518310	5521785	3475
TRIM6	11	5596111	5612952	16841
C11orf42	11	6205557	6211135	5578
SMPD1	11	6390474	6394996	4522
APBB1	11	6395124	6419453	24329
RRP8	11	6595072	6603616	8544
TAF10	11	6606294	6612216	5922
TPP1	11	6612770	6619422	6652
MRPL17	11	6680385	6683340	2955
RBMXL2	11	7088998	7091148	2150
CASC23	11	8011278	8016509	5231
TUB-AS1	11	8060038	8069373	9335
RIC3	11	8092965	8169025	76060
IPO7	11	9384652	9448127	63475
SBF2-AS1	11	9758293	9811319	53026
ADM	11	10305073	10307397	2324
ZBED5-AS1	11	10858217	10879276	21059
PARVA	11	12377571	12535356	157785
BTBD10	11	13387996	13463297	75301
FAR1	11	13668668	13732346	63678
LINC02548	11	13784386	13848002	63616
INSC	11	15112424	15247208	134784
PLEKHA7	11	16777297	17014414	237117
RPS13	11	17074388	17077667	3279
OTOG	11	17547259	17646044	98785
KCNC1	11	17734781	17783057	48276
SERGEF	11	17788050	18013047	224997
GTF2H1	11	18322269	18367045	44776
TMEM86A	11	18698779	18704785	6006
NAV2	11	19350724	20121601	770877
NAV2-AS5	11	19502673	19507229	4556
LOC100126784	11	19710934	19714672	3738
DBX1	11	20156155	20160475	4320
SLC6A5	11	20599608	20659285	59677
ANO5	11	22193085	22283367	90282
SLC17A6	11	22338381	22379500	41119
CCDC179	11	22846923	22860474	13551
ANO3-AS1	11	26285585	26288007	2422
BDNF	11	27654895	27722030	67135
METTL15	11	28108388	28333507	225119
ARL14EP	11	30323104	30338223	15119
DCDC1	11	30863603	31369739	506136
PAX6	11	31784792	31817961	33169
PRRG4	11	32829927	32858120	28193
HIPK3	11	33256672	33357022	100350
KIAA1549L	11	33376108	33674100	297992
CAPRIN1	11	34051731	34102610	50879
NAT10	11	34105629	34146908	41279
ABTB2	11	34150987	34358010	207023
ELF5	11	34478791	34513794	35003
PAMR1	11	35431829	35530300	98471
FJX1	11	35618460	35620865	2405
COMMD9	11	36272292	36289424	17132
PRR5L	11	36296288	36465204	168916
TRAF6	11	36483771	36510272	26501
RAG2	11	36591943	36598279	6336
LINC02760	11	37938601	37954663	16062
ALKBH3	11	43880831	43920274	39443
LINC02687	11	45371397	45388508	17111
CHST1	11	45647689	45665622	17933
CRY2	11	45847118	45883248	36130
LARGE2	11	45921621	45929096	7475
PHF21A	11	45929319	46120985	191666
PACSIN3	11	47177522	47186434	8912
DDB2	11	47214942	47239218	24276
ACP2	11	47239302	47248847	9545
SPI1	11	47354860	47378547	23687
CELF1	11	47465937	47565539	99602
TRIM49B	11	49031600	49037977	6377
LOC646813	11	50409147	50420631	11484
LINC02735	11	56848478	56878078	29600
LRRC55	11	57181953	57191716	9763
APLNR	11	57233578	57237453	3875
SSRP1	11	57325989	57335892	9903
P2RX3	11	57338352	57372396	34044
SLC43A3	11	57406954	57427580	20626
SLC43A1	11	57484534	57515702	31168
SERPING1	11	57597685	57614848	17163
ZDHHC5	11	57668114	57701182	33068
SELENOH	11	57741250	57743554	2304
ZFP91	11	58579063	58621550	42487
ZFP91-CNTF	11	58579114	58625732	46618
PATL1	11	59636716	59669037	32321
MS4A2	11	60088664	60098467	9803
MS4A4A	11	60280666	60308970	28304
MS4A5	11	60429572	60447792	18220
MS4A12	11	60492778	60507428	14650
MS4A10	11	60785333	60801305	15972
CYB561A3	11	61348745	61362283	13538
LRRC10B	11	61508749	61511018	2269
FTH1	11	61964285	61967634	3349
SCGB1D1	11	62190216	62193539	3323
SCGB1D4	11	62296281	62299075	2794
EEF1G	11	62559596	62573891	14295
C11orf98	11	62662817	62665216	2399
LBHD1	11	62662817	62671783	8966
BSCL2	11	62690262	62709619	19357
HNRNPUL2-BSCL2	11	62690262	62727384	37122
HNRNPUL2	11	62712630	62727457	14827
SNHG1	11	62851978	62855885	3907
SLC22A25	11	63163170	63229652	66482
SLC22A10	11	63289903	63311782	21879
ATL3	11	63624087	63671974	47887
RTN3	11	63681450	63759891	78441
C11orf95	11	63759892	63768775	8883
STIP1	11	64185272	64204548	19276
DNAJC4	11	64230281	64234281	4000
PPP1R14B-AS1	11	64245866	64248214	2348
KCNK4-TEX40	11	64291722	64304769	13047
CATSPERZ	11	64300358	64304770	4412
SLC22A11	11	64555941	64572875	16934
SLC22A12	11	64590810	64602353	11543
SYVN1	11	65127279	65134519	7240
DPF2	11	65333852	65354262	20410
SLC25A45	11	65375192	65383701	8509
FRMD8	11	65386637	65413524	26887
MALAT1	11	65497738	65506512	8774
TALAM1	11	65499312	65507432	8120
KCNK7	11	65592836	65595800	2964
MAP3K11	11	65597757	65614221	16464
MUS81	11	65860433	65867652	7219
FOSL1	11	65892049	65900526	8477
PACS1	11	66070272	66244744	174472
YIF1A	11	66284580	66289143	4563
TMEM151A	11	66291894	66296664	4770
CD248	11	66314494	66317044	2550
DPP3	11	66480434	66509657	29223
ZDHHC24	11	66521082	66546238	25156
RBM4	11	66638617	66668379	29762
SPTBN2	11	66682496	66721399	38903
PC	11	66848420	66958383	109963
POLD4	11	67350765	67353596	2831
CORO1B	11	67435510	67443821	8311
CABP2	11	67518912	67523446	4534
ALDH3B2	11	67662162	67681224	19062
UNC93B1	11	67991100	68004097	12997
NDUFS8	11	68030681	68036644	5963
GAL	11	68684544	68691175	6631
MRPL21	11	68891278	68903832	12554
IGHMBP2	11	68903851	68940601	36750
MRGPRF	11	69004394	69013382	8988
MRGPRF-AS1	11	69012354	69018447	6093
FADD	11	70203163	70207402	4239
SHANK2-AS1	11	70631094	70635490	4396
LOC100133315	11	71865509	71928459	62950
LRTOMT	11	72080331	72110782	30451
LAMTOR1	11	72097292	72103297	6005
FOLR3	11	72135725	72139892	4167
FOLR1	11	72189709	72196323	6614
FCHSD2	11	72836745	73142318	305573
ARHGEF17	11	73308276	73369388	61112
PAAF1	11	73876699	73931112	54413
PGM2L1	11	74330316	74398433	68117
CHRDL2	11	74696428	74731426	34998
RNF169	11	74748849	74842413	93564
SLCO2B1	11	75151107	75206549	55442
TPBGL	11	75240774	75243704	2930
SERPINH1	11	75562253	75572811	10558
LOC283214	11	75758455	75768647	10192
GUCY2EP	11	76680166	76721789	41623
GDPD4	11	77216558	77301666	85108
PAK1	11	77322017	77474094	152077
AQP11	11	77589635	77610356	20721
USP35	11	78188919	78215232	26313
CCDC83	11	85855101	85920020	64919
FZD4	11	86945679	86955395	9716
RAB38	11	88113251	88175443	62192
GRM5	11	88504576	89063678	559102
TRIM53AP	11	89841997	90002508	160511
TRIM51EP	11	89852842	89991670	138828
TRIM49D2	11	89911411	89933061	21650
TRIM49D1	11	89911472	89933000	21528
TAF1D	11	93730194	93741537	11343
C11orf54	11	93741594	93764749	23155
VSTM5	11	93818233	93850618	32385
LOC105369438	11	94545332	94740355	195023
AMOTL1	11	94768356	94876748	108392
SESN3	11	95165513	95232475	66962
CEP57	11	95790461	95832693	42232
CFAP300	11	102047437	102084560	37123
BIRC3	11	102317484	102339403	21919
BIRC2	11	102347182	102378670	31488
TMEM123	11	102396334	102452765	56431
LOC101928424	11	102452919	102462038	9119
WTAPP1	11	102783676	102836766	53090
MMP3	11	102835801	102843609	7808
CASP12	11	104885718	104898670	12952
ALKBH8	11	107502727	107565735	63008
ACAT1	11	108121567	108147601	26034
POGLUT3	11	108472116	108498384	26268
LINC02732	11	110355114	110406908	51794
COLCA1	11	111293389	111305048	11659
LOC728196	11	111510602	111513888	3286
SIK2	11	111602449	111730855	128406
CRYAB	11	111908564	111923740	15176
SDHD	11	112086873	112095794	8921
LINC02762	11	112270749	112362534	91785
ANKK1	11	113387779	113400416	12637
ZW10	11	113733187	113773692	40505
NNMT	11	114257806	114313535	55729
NXPE1	11	114518936	114559881	40945
CADM1	11	115169236	115504415	335179
LINC02702	11	116639422	116658252	18830
SIK3	11	116843410	117098428	255018
TAGLN	11	117199294	117207465	8171
RNF214	11	117232671	117286454	53783
CEP164	11	117321778	117413266	91488
TMPRSS4	11	118077012	118121890	44878
SCN4B	11	118133377	118152915	19538
CD3E	11	118304730	118316173	11443
CD3G	11	118344344	118353782	9438
LOC100131626	11	118381220	118418815	37595
IFT46	11	118544528	118566076	21548
CXCR5	11	118883892	118897787	13895
PDZD3	11	119185475	119190213	4738
NECTIN1	11	119638098	119729200	91102
TLCD5	11	120325299	120333686	8387
ARHGEF12	11	120336413	120489937	153524
LOC101929227	11	120867933	120894797	26864
TBCEL	11	121024072	121090776	66704
MIR100HG	11	122028329	122422871	394542
CRTAM	11	122838500	122872643	34143
GRAMD1B	11	123358422	123627789	269367
VWA5A	11	124115404	124147721	32317
SIAE	11	124633113	124676303	43190
NRGN	11	124739942	124747210	7268
LOC101929340	11	124759134	124765920	6786
LOC100507283	11	124800428	124834487	34059
HEPACAM	11	124919205	124936047	16842
SLC37A2	11	125063305	125090516	27211
TMEM218	11	125094389	125111626	17237
FEZ1	11	125442881	125496310	53429
EI24	11	125569477	125584683	15206
PATE1	11	125746279	125749866	3587
HYLS1	11	125883614	125900646	17032
PUS3	11	125893485	125903221	9736
FOXRED1	11	126269154	126278126	8972
TIRAP	11	126283087	126294933	11846
DCPS	11	126304060	126350005	45945
GSEC	11	126341716	126355587	13871
ST3GAL4	11	126355686	126414641	58955
KIRREL3-AS2	11	126940746	126945090	4344
LOC101929473	11	127067002	127101306	34304
SENCR	11	128691672	128696023	4351
KCNJ1	11	128836315	128867373	31058
TP53AIP1	11	128934732	128943399	8667
ST14	11	130159782	130210362	50580
ZBTB44-DT	11	130314993	130403657	88664
IGSF9B	11	133908410	133956796	48386
GLB1L3	11	134276379	134319564	43185
RAD52	12	911736	990041	78305
WNT5B	12	1617056	1647212	30156
NRIP2	12	2825348	2835035	9687
TEX52	12	2849046	2857039	7993
TSPAN9	12	3077355	3286564	209209
CCND2-AS1	12	4248767	4276184	27417
DYRK4	12	4562208	4615302	53094
NDUFA9	12	4649114	4694317	45203
GALNT8	12	4720400	4772726	52326
KCNA6	12	4809176	4851112	41936
ANO2	12	5562656	5946232	383576
VAMP1	12	6462238	6470677	8439
PTMS	12	6766363	6770952	4589
CD4	12	6789528	6820799	31271
GNB3	12	6840925	6847393	6468
SPSB2	12	6870936	6873303	2367
LPCAT3	12	6976185	7018476	42291
PEX5	12	7188685	7218573	29888
APOBEC1	12	7649400	7670599	21199
SLC2A14	12	7812514	7891196	78682
FAM66C	12	8180209	8201000	20791
FAM90A1	12	8221260	8227618	6358
FAM86FP	12	8231049	8242946	11897
CLEC4E	12	8533305	8540905	7600
AICDA	12	8602171	8612859	10688
A2ML1	12	8822621	8876787	54166
PHC1	12	8914509	8941464	26955
KLRG1	12	8950044	9010751	60707
A2M	12	9067708	9116229	48521
LINC00987	12	9240003	9262877	22874
LOC101928030	12	9371782	9381422	9640
LOC374443	12	9617284	9658414	41130
CLECL1	12	9715860	9733299	17439
LINC02470	12	9936579	9943495	6916
CLEC12B	12	10010627	10018800	8173
LOC102724020	12	10015352	10030606	15254
LINC02617	12	10332860	10338292	5432
KLRK1	12	10372353	10390041	17688
KLRC3	12	10412315	10420595	8280
PRB2	12	11391540	11395567	4027
CREBL2	12	12611876	12645108	33232
APOLD1	12	12725917	12791465	65548
GPRC5A	12	12891562	12917937	26375
GPRC5D	12	12940775	12950384	9609
HEBP1	12	12974870	13000265	25395
H2AJ	12	14774336	14778002	3666
WBP11	12	14784582	14803478	18896
PLCZ1	12	18683180	18738012	54832
LINC02398	12	20014685	20098868	84183
PDE3A	12	20369245	20684107	314862
SLCO1C1	12	20695355	20753386	58031
LDHB	12	21635342	21657855	22513
ST8SIA1	12	22193391	22334714	141323
LOC105369691	12	22589007	22625046	36039
LOC101928441	12	23175636	23191587	15951
ETFRF1	12	25195237	25205143	9906
BHLHE41	12	26120030	26125037	5007
SSPN	12	26195336	26234775	39439
INTS13	12	26905181	26937981	32800
FGFR1OP2	12	26938372	26966648	28276
ARNTL2	12	27332836	27425813	92977
SMCO2	12	27466810	27502185	35375
MRPS35	12	27710773	27756304	45531
MANSC4	12	27762427	27771582	9155
KLHL42	12	27780233	27803040	22807
CAPRIN2	12	30709552	30754951	45399
FGD4	12	32399558	32646051	246493
SLC2A13	12	39755025	40106081	351056
LINC02471	12	40156239	40167847	11608
LRRK2	12	40224997	40369284	144287
CNTN1	12	40692439	41072415	379976
YAF2	12	42157105	42238368	81263
PPHLN1	12	42326145	42448621	122476
LINC02461	12	43155315	43163110	7795
PUS7L	12	43718992	43758790	39798
TMEM117	12	43835861	44389762	553901
RACGAP1P	12	45062618	45065411	2793
ANO6	12	45216095	45440404	224309
LINC00938	12	45725720	45727921	2201
AMIGO2	12	47075707	47079959	4252
LINC02156	12	47415008	47420179	5171
OR8S1	12	48525632	48528103	2471
LALBA	12	48567684	48570046	2362
CACNB3	12	48814480	48828941	14461
WNT1	12	48978322	48982620	4298
DDN-AS1	12	48998347	49019240	20893
KMT2D	12	49018975	49055324	36349
MCRS1	12	49558294	49568145	9851
FMNL3	12	49636499	49707405	70906
TMBIM6	12	49741557	49764934	23377
NCKAP5L	12	49791152	49828413	37261
BCDIN3D	12	49836043	49843106	7063
FAIM2	12	49866896	49903900	37004
LINC02395	12	49911953	49926339	14386
AQP5	12	49961872	49965682	3810
AQP6	12	49972947	49977139	4192
ASIC1	12	50057596	50083622	26026
FAM186A	12	50327309	50396609	69300
ATF1	12	50764101	50821162	57061
TMPRSS12	12	50842926	50887880	44954
TFCP2	12	51093656	51173135	79479
CELA1	12	51328442	51346679	18237
FIGNL2	12	51817892	51831917	14025
GRASP	12	52006946	52015889	8943
ATG101	12	52069974	52077495	7521
LINC00592	12	52210930	52223881	12951
KRT81	12	52285913	52291534	5621
KRT71	12	52543909	52553145	9236
KRT77	12	52689626	52703524	13898
KRT3	12	52789685	52796117	6432
IGFBP6	12	53097667	53102340	4673
CALCOCO1	12	53708518	53727452	18934
CISTR	12	53750447	53757034	6587
HOTAIR	12	53962308	53974956	12648
HOXC11	12	53973126	53977643	4517
HOXC9	12	54000161	54003336	3175
HOXC8	12	54008985	54012769	3784
HOXC5	12	54016888	54035360	18472
CBX5	12	54230942	54280122	49180
LOC102724050	12	54353691	54467030	113339
GPR84	12	54362445	54364486	2041
MUCL1	12	54854516	54858387	3871
ITGA7	12	55684570	55712408	27838
BLOC1S1	12	55716034	55719707	3673
PMEL	12	55954105	55966712	12607
CDK2	12	55966830	55972789	5959
RPS26	12	56041918	56044697	2779
MYL6	12	56158359	56161579	3220
ANKRD52	12	56237807	56258384	20577
CS	12	56271699	56300330	28631
CNPY2	12	56309844	56316348	6504
RBMS2	12	56521820	56596192	74372
ATP5F1B	12	56638175	56645984	7809
PTGES3	12	56663341	56688408	25067
NXPH4	12	57216794	57226449	9655
STAC3	12	57243458	57251187	7729
INHBC	12	57434784	57452062	17278
DDIT3	12	57516588	57520517	3929
MBD6	12	57522824	57530148	7324
ARHGEF25	12	57610116	57617245	7129
SLC26A10	12	57619910	57626151	6241
B4GALNT1	12	57623409	57633239	9830
OS9	12	57693955	57721557	27602
AGAP2-AS1	12	57726240	57728356	2116
TSPAN31	12	57745039	57750219	5180
RXYLT1	12	63779909	63809561	29652
RXYLT1-AS1	12	63808845	63822156	13311
RASSF3	12	64610495	64697564	87069
LOC100507065	12	65466819	65642372	175553
RPSAP52	12	65758021	65826974	68953
HMGA2	12	65824460	65966291	141831
LLPH-DT	12	66130751	66134449	3698
LINC02384	12	68431842	68451484	19642
NUP107	12	68686978	68745809	58831
LYZ	12	69348381	69354234	5853
CCT2	12	69585459	69601570	16111
KCNMB4	12	70366290	70434292	68002
PTPRB	12	70515870	70637429	121559
PTPRR	12	70638073	70920738	282665
RAB21	12	71754863	71800286	45423
ATXN7L3B	12	74537835	74545430	7595
KCNC2	12	75040078	75209839	169761
LOC100130268	12	75234740	75251865	17125
GLIPR1L2	12	75391070	75432688	41618
KRR1	12	75490863	75511609	20746
PHLDA1	12	76025447	76031776	6329
NAP1L1	12	76036585	76084685	48100
ZDHHC17	12	76764074	76853701	89627
LINC02424	12	78326680	78359746	33066
SYT1	12	78863982	79452008	588026
PPP1R12A-AS1	12	79935281	79941395	6114
TMTC2	12	82686906	83134865	447959
LRRIQ1	12	85036351	85245105	208754
ALX1	12	85280220	85301783	21563
GALNT4	12	89519413	89524796	5383
POC1B-GALNT4	12	89519413	89526262	6849
POC1B-AS1	12	89525570	89541542	15972
EPYC	12	90963682	91004972	41290
DCN	12	91140484	91182817	42333
LINC01619	12	91984976	92142831	157855
BTG1	12	92140278	92145846	5568
CLLU1-AS1	12	92420086	92432999	12913
LINC02397	12	92466679	92483947	17268
LINC02412	12	93174366	93181832	7466
SOCS2-AS1	12	93565628	93571398	5770
CEP83	12	94306394	94460454	154060
FGD6	12	95076749	95217467	140718
PGAM1P5	12	95649255	95673994	24739
FAM71C	12	99647753	99650114	2361
ACTR6	12	100200087	100224424	24337
SLC17A8	12	100357074	100422055	64981
NR1H4	12	100473866	100564414	90548
UTP20	12	101280105	101386618	106513
MYBPC1	12	101594931	101686028	91097
DRAM1	12	101877580	101923612	46032
IGF1	12	102395874	102480563	84689
LINC00485	12	102809283	102824399	15116
ASCL1	12	102957674	102960511	2837
HCFC2	12	104064531	104106524	41993
TXNRD1	12	104215779	104350307	134528
ALDH1L2	12	105019790	105084458	64668
LOC100505978	12	106680758	106684700	3942
RIC8B	12	106774682	106889316	114634
BTBD11	12	107318434	107659642	341208
WSCD2	12	108129288	108250536	121248
FICD	12	108515277	108521210	5933
SART3	12	108522214	108561173	38959
MMAB	12	109553716	109573504	19788
FAM222A	12	109713825	109770495	56670
TRPV4	12	109783087	109833398	50311
TCHP	12	109900274	109918069	17795
PPTC7	12	110533245	110583318	50073
HVCN1	12	110648686	110689777	41091
MYL2	12	110910820	110920600	9780
LOC105369980	12	110951683	110957818	6135
CUX2	12	111034165	111350554	316389
ATXN2	12	111452214	111599676	147462
ALDH2	12	111766933	111817531	50598
RPL6	12	112405181	112418835	13654
OAS1	12	112906777	112933219	26442
LHX5	12	113462033	113471871	9838
RBM19	12	113816740	113966325	149585
MED13L	12	115958576	116277186	318610
C12orf49	12	116710171	116738069	27898
FBXO21	12	117141991	117190470	48479
KSR2	12	117453012	117968990	515978
VSIG10	12	118063593	118104011	40418
LINC02439	12	118818806	118833536	14730
BICDL1	12	119989236	120094495	105259
PLA2G1B	12	120322115	120327779	5664
UNC119B	12	120710458	120723640	13182
XLOC_009911	12	120904695	120908074	3379
HNF1A	12	120978543	121002511	23968
OASL	12	121020292	121039242	18950
KDM2B	12	121429096	121581023	151927
SETD1B	12	121804724	121832656	27932
LOC101593348	12	122226442	122228792	2350
VPS33A	12	122229564	122266494	36930
MIR9902-2	12	122695907	122709424	13517
HCAR2	12	122701293	122703357	2064
HIP1R	12	122834748	122862961	28213
PITPNM2	12	122983480	123110489	127009
SNRNP35	12	123458139	123473154	15015
TMED2	12	123584552	123598582	14030
GTF2H3	12	123633739	123662604	28865
NCOR2	12	124324415	124567612	243197
LINC02347	12	126442481	126472785	30304
LINC02376	12	127274271	127284283	10012
LINC02393	12	127881617	127898639	17022
TMEM132D-AS1	12	129109690	129113298	3608
RIMBP2	12	130396133	130716305	320172
RAN	12	130871994	130877678	5684
LINC01257	12	131165011	131212931	47920
PUS1	12	131929276	131945896	16620
EP400	12	131949942	132080460	130518
LINC02361	12	132186735	132189695	2960
GALNT9	12	132196372	132329589	133217
LOC100130238	12	132275391	132280900	5509
LRCOL1	12	132603151	132610582	7431
P2RX2	12	132618776	132622388	3612
POLE	12	132623762	132687342	63580
CHFR	12	132832356	132887618	55262
ZNF26	12	132986367	133027102	40735
ANHX	12	133218312	133235877	17565
LOC101928697	13	19182033	19187465	5432
ANKRD26P3	13	19262800	19344973	82173
GJB2	13	20187470	20192938	5468
GJB6	13	20221962	20232395	10433
LINC00367	13	20938564	20949428	10864
MICU2	13	21492691	21604170	111479
LINC00621	13	22876392	22916369	39977
TNFRSF19	13	23570370	23676105	105735
ANKRD20A19P	13	23907284	23949315	42031
PARP4	13	24420931	24512778	91847
CENPJ	13	24882279	24922861	40582
AMER2	13	25161679	25172283	10604
LINC01053	13	25181332	25190657	9325
SHISA2	13	26044597	26051060	6463
GPR12	13	26755201	26760786	5585
USP12-AS2	13	27172259	27183503	11244
LNX2	13	27545913	27620529	74616
PDX1	13	27920000	27926313	6313
CDX2	13	27960918	27969368	8450
FLT1	13	28300346	28495128	194782
MTUS2	13	28820339	29505947	685608
MTUS2-AS1	13	29476515	29487750	11235
LINC00572	13	29918647	29926651	8004
HMGB1	13	30456704	30617597	160893
TEX26	13	30932656	30975500	42844
HSPH1	13	31134973	31162388	27415
FRY	13	32031774	32299125	267351
ZAR1L	13	32303699	32315363	11664
MICOS10P1	13	32496211	32498492	2281
KL	13	33016423	33066143	49720
STARD13-AS	13	33277554	33281334	3780
MAB21L1	13	35473789	35476689	2900
SOHLH2	13	36168217	36214615	46398
SERTM1	13	36674020	36697838	23818
TRPC4	13	37632063	37869772	237709
NHLRC3	13	39038311	39050107	11796
LHFPL6	13	39342892	39603193	260301
MRPS31	13	40729128	40771190	42062
SUGT1P3	13	40911889	40921774	9885
KBTBD7	13	41189834	41194569	4735
TNFSF11	13	42562736	42608013	45277
LINC01050	13	42810366	42812562	2196
LINC00428	13	42842412	42872744	30332
ENOX1	13	43213130	43786972	573842
LACC1	13	43879178	43893932	14754
SERP2	13	44373650	44397714	24064
GTF2F2	13	45120510	45284892	164382
SLC25A30-AS1	13	45418162	45420371	2209
ERICH6B	13	45541294	45615739	74445
ZC3H13	13	45954465	46052746	98281
RUBCNL	13	46341739	46390042	48303
HTR2A	13	46831542	46897076	65534
HTR2A-AS1	13	46852140	46856299	4159
MED4	13	48075726	48095141	19415
RCBTB2	13	48488963	48535895	46932
LINC00462	13	48576974	48580901	3927
FNDC3A	13	48975912	49209779	233867
SETDB2	13	49444274	49495003	50729
RCBTB1	13	49531946	49585583	53637
GUCY1B2	13	50994511	51066157	71646
C13orf42	13	51082848	51172388	89540
DHRS12	13	51767993	51804163	36170
ALG11	13	52012398	52033600	21202
LINC02333	13	52334295	52341883	7588
VPS36	13	52412602	52450634	38032
TPTE2P3	13	52488993	52587090	98097
SUGT1	13	52652836	52700908	48072
OLFM4	13	53028813	53052053	23240
LINC00558	13	53815419	53876119	60700
LINC00458	13	54124324	54132871	8547
PRR20D	13	57140918	57170218	29300
DIAPH3	13	59665589	60163985	498396
LINC00395	13	63667682	63738018	70336
OR7E156P	13	63737435	63742568	5133
LINC01052	13	65866047	65878219	12172
KLHL1	13	69700593	70108493	407900
ATXN8OS	13	70107213	70139753	32540
BORA	13	72727749	72756198	28449
KLF12	13	73686012	74133929	447917
COMMD6	13	75525214	75549439	24225
LMO7-AS1	13	75604700	75635994	31294
SCEL-AS1	13	77599756	77606551	6795
EDNRB-AS1	13	77818937	77908428	89491
EDNRB	13	77895481	77975527	80046
OBI1-AS1	13	78054855	78617325	562470
RBM26	13	79318868	79406255	87387
SPRY2	13	80335977	80341126	5149
LINC00430	13	86911920	86936807	24887
LINC00433	13	88540829	88545509	4680
LINC00353	13	89548794	89564413	15619
LINC00380	13	91087255	91089617	2362
DCT	13	94436811	94549406	112595
DNAJC3-DT	13	95672838	95676925	4087
LINC00359	13	96941281	96984172	42891
MBNL2	13	97222289	97394120	171831
GPR18	13	99254713	99258428	3715
LINC01039	13	99577112	99585979	8867
CLYBL	13	99606664	99909444	302780
PCCA	13	100089015	100530437	441422
FGF14-AS1	13	102367530	102373666	6136
METTL21C	13	102685747	102694521	8774
POGLUT2	13	102784281	102798976	14695
LINC00460	13	106376564	106378595	2031
EFNB2	13	106489746	106535662	45916
ARGLU1	13	106541673	106568137	26464
LINC00443	13	106653880	106672180	18300
TNFSF13B	13	108269629	108308484	38855
MYO16-AS1	13	109163905	109167303	3398
COL4A2	13	110307284	110513209	205925
COL4A2-AS1	13	110502576	110508179	5603
LINC00431	13	110966027	110990602	24575
ARHGEF7-AS1	13	111144305	111148565	4260
TEX29	13	111316185	111344248	28063
LOC100506016	13	112155157	112160710	5553
ATP11A-AS1	13	112745449	112754731	9282
MCF2L	13	112969214	113099742	130528
F10	13	113122799	113149529	26730
PROZ	13	113158648	113172386	13738
ATP4B	13	113648806	113658198	9392
GAS6	13	113820549	113864076	43527
LINC02297	14	18630538	18633634	3096
POTEM	14	18967434	19003752	36318
POTEG	14	19402486	19434341	31855
LOC101929572	14	19421026	19424584	3558
TTC5	14	20286227	20305951	19724
CCNB1IP1	14	20311368	20333312	21944
RNASE9	14	20556093	20560931	4838
RNASE4	14	20684560	20701215	16655
METTL17	14	20989980	20997035	7055
ARHGEF40	14	21070304	21090247	19943
ZNF219	14	21090046	21104704	14658
TMEM253	14	21098937	21103724	4787
RAB2B	14	21459020	21476959	17939
TOX4	14	21477195	21499170	21975
SLC7A7	14	22773223	22819791	46568
RBM23	14	22893204	22919149	25945
PRMT5-AS1	14	22919456	22923407	3951
SLC7A8	14	23125295	23183660	58365
RNF212B	14	23185321	23273477	88156
BCL2L2-PABPN1	14	23306833	23326185	19352
SLC22A17	14	23346311	23352912	6601
IL25	14	23372809	23376403	3594
MYH7	14	23412740	23435660	22920
CMA1	14	24505353	24508265	2912
LINC02282	14	28783491	28785787	2296
PRKD1	14	29576481	29927847	351366
SCFD1	14	30622254	30735850	113596
COCH	14	30874535	30890618	16083
LINC02313	14	31944853	31950294	5441
ARHGAP5	14	32077304	32159728	82424
LINC00609	14	36070427	36165288	94861
NKX2-8	14	36580004	36582614	2610
SLC25A21	14	36677921	37172606	494685
LINC00517	14	37896060	37902124	6064
LOC105370457	14	38882596	38919200	36604
LINC02315	14	40954711	41141048	186337
LINC02302	14	44763157	44799126	35969
C14orf28	14	44897275	44907257	9982
LINC02303	14	45706258	45715602	9344
LINC00871	14	46064159	46501901	437742
MDGA2	14	46839625	47674954	835329
RPS29	14	49570988	49598710	27722
NEMF	14	49782083	49853203	71120
ARF6	14	49893082	49897054	3972
LINC01599	14	50007313	50105043	97730
ABHD12B	14	50872053	50904970	32917
TRIM9	14	50975263	51095704	120441
LINC00640	14	51333393	51365557	32164
LOC102723604	14	51916145	51918571	2426
NID2	14	52004809	52069059	64250
PTGER2	14	52314312	52328595	14283
GPR137C	14	52552836	52637713	84877
PSMC6	14	52707200	52728590	21390
STYX	14	52730166	52774987	44821
DDHD1	14	53036755	53153323	116568
CGRRF1	14	54509906	54539291	29385
SAMD4A	14	54567128	54793315	226187
GCH1	14	54842006	54902826	60820
SOCS4	14	55027236	55049488	22252
ATG14	14	55366391	55411830	45439
TMEM260	14	56579798	56649514	69716
NAA30	14	57390586	57415905	25319
TIMM9	14	58408494	58427614	19120
DHRS7	14	60144119	60169864	25745
C14orf39	14	60435956	60486063	50107
SIX1	14	60643433	60649477	6044
SIX4	14	60709539	60724351	14812
FLJ22447	14	61570540	61654713	84173
SYT16	14	61812162	62112550	300388
ZBTB1	14	64504574	64533692	29118
PPP1R36	14	64549961	64589381	39420
PLEKHG3	14	64704424	64750249	45825
CHURC1	14	64914361	64935366	21005
GPX2	14	64939159	64942745	3586
LINC02324	14	65212893	65222347	9454
CCDC196	14	66486371	66498553	12182
FAM71D	14	67189440	67228557	39117
MPP5	14	67241435	67336061	94626
PLEK2	14	67386984	67412165	25181
VTI1B	14	67647086	67674632	27546
RDH12	14	67701886	67734451	32565
GALNT16	14	69260158	69357041	96883
ERH	14	69380128	69398299	18171
SUSD6	14	69611596	69715144	103548
SMOC1	14	69879416	70032366	152950
ADAM21	14	70452174	70459905	7731
ADAM20P1	14	70468879	70483756	14877
DCAF4	14	72926464	72962067	35603
LOC101928143	14	73460935	73463642	2707
ACOT2	14	73567620	73575658	8038
DNAL1	14	73644986	73703731	58745
PTGR2	14	73851831	73885726	33895
COQ6	14	73949934	73963670	13736
ENTPD5	14	73957916	74019288	61372
LTBP2	14	74498183	74612237	114054
FCF1	14	74713144	74738620	25476
YLPM1	14	74763316	74837318	74002
LINC01220	14	75294404	75296408	2004
IFT43	14	75985753	76084073	98320
GPATCH2L	14	76151885	76214343	62458
LINC02288	14	77041049	77069503	28454
GSTZ1	14	77321036	77331597	10561
SNW1	14	77717601	77761156	43555
DIO2	14	80197526	80231057	33531
TSHR	14	80955621	81146302	190681
LOC101928504	14	81221218	81223380	2162
STON2	14	81260650	81436465	175815
LINC00911	14	85393879	85420076	26197
LINC01147	14	88018605	88026312	7707
SPATA7	14	88385644	88438461	52817
PTPN21	14	88465778	88555007	89229
EML5	14	88612431	88792953	180522
FOXN3-AS1	14	89417354	89419793	2439
NRDE2	14	90267860	90331941	64081
RPS6KA5	14	90847861	91060649	212788
PPP4R3A	14	91457137	91510480	53343
SERPINA5	14	94581426	94593118	11692
SERPINA3	14	94612391	94624053	11662
TCL1B	14	95686426	95692628	6202
LOC107984703	14	95715483	95756779	41296
C14orf132	14	96039324	96093971	54647
ATG2B	14	96279195	96363341	84146
PAPOLA	14	96502376	96567116	64740
LINC02312	14	97749264	97762831	13567
LINC01550	14	97925610	97978124	52514
C14orf177	14	98711613	98717766	6153
MEG3	14	100826108	100861023	34915
RTL1	14	100880655	100884847	4192
PPP2R5C	14	101760573	101927991	167418
ZNF839	14	102317377	102343174	25797
CINP	14	102348282	102362916	14634
LINC02323	14	102545254	102555826	10572
EXOC3L4	14	103100144	103110557	10413
LINC00677	14	103120849	103122909	2060
TNFAIP2	14	103123461	103137439	13978
BAG5	14	103556544	103562814	6270
COA8	14	103562960	103593214	30254
ADSS1	14	104724197	104747325	23128
GPR132	14	105049395	105065430	16035
JAG2	14	105140996	105168776	27780
TEX22	14	105398538	105413859	15321
MTA1	14	105419827	105470729	50902
TEDC1	14	105489855	105499248	9393
TMEM121	14	105526583	105530202	3619
HERC2P7	15	22479153	22482374	3221
NIPA1	15	22786225	22829789	43564
NIPA2	15	22838641	22868384	29743
SNRPN	15	24823608	24978723	155115
PWAR6	15	25031873	25036488	4615
SNORD116-2	15	25054209	25065122	10913
SNORD115-12	15	25178741	25191497	12756
SNORD115-36	15	25189414	25249279	59865
SNORD115-29	15	25189414	25249279	59865
SNORD115-15	15	25197576	25247426	49850
SNORD115-21	15	25206262	25247426	41164
ATP10A	15	25678713	25863202	184489
LINC02346	15	25902360	26053120	150760
LINC00929	15	26115813	26133037	17224
GABRG3	15	26971181	27541983	570802
RYR3	15	33310967	33866121	555154
AVEN	15	33866227	34039204	172977
NUTM1	15	34343315	34357737	14422
GOLGA8A	15	34379069	34437808	58739
MIR1233-1	15	34382069	34528371	146302
GJD2	15	34751034	34754998	3964
LOC101928174	15	34755084	34812923	57839
LINC02345	15	38040393	38062340	21947
LOC105370941	15	39782906	39785616	2710
BMF	15	40087891	40108879	20988
IVD	15	40405795	40435947	30152
CHST14	15	40470961	40473158	2197
CCDC32	15	40531341	40565057	33716
RPUSD2	15	40569293	40574949	5656
KNL1	15	40594249	40664341	70092
SPINT1	15	40844048	40858207	14159
ITPKA	15	41493874	41503551	9677
JMJD7	15	41828092	41837581	9489
EHD4	15	41895933	41972557	76624
EHD4-AS1	15	41921417	41929286	7869
VPS39	15	42158711	42208304	49593
STARD9	15	42575606	42720998	145392
TTBK2	15	42738730	42920778	182048
TMEM62	15	43133115	43185143	52028
TUBGCP4	15	43371101	43409771	38670
MAP1A	15	43517608	43531611	14003
PPIP5K1	15	43533462	43590253	56791
CKMT1B	15	43592857	43599406	6549
CATSPER2P1	15	43735948	43746298	10350
WDR76	15	43827002	43868412	41410
SPG11	15	44562696	44663662	100966
TERB2	15	44956687	44979228	22541
SORD	15	45023195	45077185	53990
SQOR	15	45631148	45691294	60146
SEMA6D	15	47184089	47774223	590134
MYEF2	15	48134632	48178295	43663
DUT	15	48331095	48343373	12278
CEP152	15	48737938	48811069	73131
SECISBP2L	15	48988639	49046446	57807
GALK2	15	49155759	49331881	176122
GABPB1	15	50275390	50355408	80018
GABPB1-AS1	15	50354174	50358306	4132
AP4E1	15	50908683	51005895	97212
DCAF13P3	15	50944129	50946565	2436
TMOD2	15	51751597	51816361	64764
LOC100422556	15	51918963	51924120	5157
MAPK6-DT	15	52010999	52019095	8096
RSL24D1	15	55180806	55196941	16135
PRTG	15	55611544	55743152	131608
MNS1	15	56428725	56465137	36412
LOC145783	15	56886170	56918499	32329
LINC00926	15	57300365	57307769	7404
LOC101928725	15	58768072	58770974	2902
MYO1E	15	59132434	59372871	240437
BNIP2	15	59659146	59689320	30174
FOXB1	15	60004311	60007443	3132
GOLGA2P11	15	62242529	62248795	6266
TPM1	15	63042747	63071914	29167
USP3	15	63504511	63594640	90129
HERC1	15	63608618	63833948	225330
SNX22	15	64151731	64157481	5750
OAZ2	15	64687574	64703281	15707
SPG21	15	64963022	64989914	26892
MTFMT	15	65001512	65029639	28127
UBAP1L	15	65093004	65106359	13355
CLPX	15	65148220	65185342	37122
CILP	15	65194760	65211473	16713
PARP16	15	65258099	65286883	28784
INTS14	15	65578780	65611131	32351
ZWILCH	15	66505083	66550130	45047
AAGAB	15	67200667	67255198	54531
IQCH	15	67254786	67501804	247018
PIAS1	15	68054179	68191466	137287
CALML4	15	68190705	68206110	15405
CLN6	15	68206992	68229728	22736
ITGA11	15	68296532	68432163	135631
NOX5	15	68930525	69062762	132237
GLCE	15	69160597	69272207	111610
PAQR5	15	69298912	69407780	108868
DRAIC	15	69561720	69571440	9720
PCAT29	15	69592200	69695751	103551
SALRNA2	15	70635249	70637314	2065
THAP10	15	70881342	70892433	11091
THSD4-AS1	15	71166812	71189059	22247
NR2E3	15	71810554	71818253	7699
SENP8	15	72114258	72143692	29434
GRAMD2A	15	72159806	72197787	37981
PARP6	15	72241181	72272554	31373
TMEM202	15	72398305	72408367	10062
INSYN1	15	73735431	73752370	16939
LOXL1-AS1	15	73917468	73928248	10780
COMMD4P2	15	74097113	74100206	3093
ISLR	15	74173710	74176871	3161
CYP11A1	15	74337762	74367646	29884
SEMA7A	15	74409284	74433958	24674
EDC3	15	74630558	74696024	65466
CYP1A2	15	74748845	74756607	7762
ULK3	15	74836118	74843156	7038
COX5A	15	74919791	74938073	18282
SIN3A	15	75369379	75455815	86436
SNX33	15	75647912	75662301	14389
PSTPIP1	15	76994680	77037475	42795
COMMD4P1	15	77938221	77944561	6340
IDH3A	15	78149362	78171941	22579
IREB2	15	78437431	78501456	64025
ANKRD34C-AS1	15	79191707	79283945	92238
MTHFS	15	79843547	79897285	53738
ST20	15	79898842	79923752	24910
LINC00927	15	80263068	80341805	78737
ARNT2	15	80404382	80597933	193551
MESD	15	80946289	80989819	43530
TMC3	15	81331088	81374213	43125
CPEB1-AS1	15	82647770	82692820	45050
ACTG1P17	15	82725898	82739780	13882
FSD2	15	82755362	82806069	50707
C15orf40	15	82988963	83011639	22676
ADAMTSL3	15	83654123	84039841	385718
LOC103171574	15	84422519	84425882	3363
UBE2Q2P1	15	84527196	84570795	43599
ZNF592	15	84748592	84806445	57853
ALPK3	15	84817356	84873477	56121
LINC01584	15	86083345	86116717	33372
DET1	15	88501922	88546703	44781
AEN	15	88621340	88632281	10941
ISG20	15	88635632	88656483	20851
HAPLN3	15	88877294	88895544	18250
RLBP1	15	89209869	89221579	11710
LINC00928	15	89504930	89524034	19104
TICRR	15	89575469	89628022	52553
ARPIN-AP3S2	15	89830599	89912952	82353
ARPIN	15	89895006	89912952	17946
IDH2-DT	15	90102132	90133572	31440
FES	15	90884504	90895776	11272
VPS33B-DT	15	91022622	91031139	8517
SV2B	15	91099588	91302565	202977
CRAT37	15	91463339	91494850	31511
SLCO3A1	15	91853708	92172435	318727
LINC01579	15	93896060	93900599	4539
MCTP2	15	94298201	94483952	185751
SPATA8	15	96783435	96785615	2180
LINC01582	15	98082979	98088753	5774
FAM169B	15	98437162	98514336	77174
LUNAR1	15	99014704	99031046	16342
LRRC28	15	99251481	99390729	139248
DNM1P46	15	99790156	99806927	16771
CERS3	15	100400395	100544683	144288
PRKXP1	15	100547752	100559283	11531
LINS1	15	100566924	100602184	35260
ALDH1A3	15	100879831	100916625	36794
SNRPA1	15	101281510	101295248	13738
SNRNP25	16	53828	57669	3841
RGS11	16	268307	275944	7637
MRPL28	16	366969	370538	3569
NME4	16	396729	400754	4025
LOC100287175	16	636952	639205	2253
MCRIP2	16	641828	648474	6646
CHTF18	16	788620	798074	9454
GNG13	16	798041	800734	2693
SSTR5-AS1	16	1064081	1078731	14650
GNPTG	16	1351931	1364113	12182
UNKL	16	1363205	1414704	51499
LOC105371046	16	1580527	1610328	29801
JPT2	16	1678279	1702086	23807
RNF151	16	1966856	1968949	2093
TBL3	16	1972053	1982919	10866
RAB26	16	2148144	2154161	6017
PGP	16	2211596	2214840	3244
ECI1	16	2239403	2251587	12184
ATP6V0C	16	2513726	2520223	6497
SRRM2-AS1	16	2737076	2752600	15524
PRSS41	16	2798470	2805304	6834
IL32	16	3065403	3069819	4416
ZNF213	16	3135029	3142804	7775
OR1F1	16	3188204	3206554	18350
MEFV	16	3242028	3256627	14599
ZSCAN32	16	3382081	3401065	18984
C16orf90	16	3493484	3496652	3168
SLX4	16	3581183	3611606	30423
TRAP1	16	3658037	3717524	59487
CREBBP	16	3725055	3880713	155658
LINC02861	16	3947626	3950444	2818
LINC01569	16	4245825	4253789	7964
NUDT16L1	16	4693693	4695859	2166
ANKS3	16	4696510	4734377	37867
ZNF500	16	4748239	4767162	18923
PPL	16	4882507	4937148	54641
NAGPA	16	5024844	5033935	9091
C16orf89	16	5044122	5066145	22023
METTL22	16	8621698	8649639	27941
C16orf72	16	9091644	9121635	29991
ATF7IP2	16	10386061	10483638	97577
TEKT5	16	10627501	10694930	67429
RMI2	16	11345438	11351763	6325
BCAR4	16	11819835	11828832	8997
CPPED1	16	12659799	12803887	144088
ERCC4	16	13920154	13952348	32194
LINC02130	16	14363109	14370266	7157
ABCC6P1	16	18571248	18598285	27037
ITPRIPL2	16	19113932	19121630	7698
GDE1	16	19501693	19522098	20405
KNOP1	16	19701937	19718227	16290
GPRC5B	16	19856691	19885634	28943
GP2	16	20309574	20327513	17939
ACSM2A	16	20451521	20487669	36148
ACSM2B	16	20536231	20576367	40136
LYRM1	16	20899882	20925006	25124
HS3ST2	16	22814162	22916338	102176
NDUFAB1	16	23581014	23596316	15302
DCTN5	16	23641466	23677472	36006
SLC5A11	16	24845863	24911628	65765
LCMT1-AS1	16	25100564	25111555	10991
HS3ST4	16	25691959	26137685	445726
IL21R-AS1	16	27447670	27453393	5723
LOC100128079	16	27708421	27719029	10608
GSG1L	16	27787528	28063714	276186
MIR6862-1	16	28390982	28724321	333339
CLN3	16	28466653	28492302	25649
NUPR1	16	28532708	28538974	6266
SH2B1	16	28846600	28874213	27613
SLX1A	16	29454501	30197566	743065
SLX1B	16	29454501	30197566	743065
SLX1B-SULT1A4	16	29455091	30204329	749238
SLX1A-SULT1A3	16	29455091	30204329	749238
QPRT	16	29679008	29698699	19691
ZG16	16	29778256	29782973	4717
KIF22	16	29790751	29805385	14634
PRRT2	16	29812193	29815881	3688
CDIPTOSP	16	29863683	29868053	4370
INO80E	16	29996241	30005791	9550
CORO1A	16	30183410	30189076	5666
SMG1P5	16	30285018	30335374	50356
MYLPF	16	30370934	30377991	7057
ZNF747	16	30530367	30534970	4603
FBRS	16	30658431	30670810	12379
CTF1	16	30896607	30903560	6953
SETD1A	16	30957754	30984662	26908
STX1B	16	30989256	31010638	21382
STX4	16	31033095	31040167	7072
ZNF646	16	31074422	31084196	9774
PRSS53	16	31083424	31088809	5385
LINC02190	16	31546698	31553567	6869
CLUHP3	16	31700613	31707424	6811
LOC105369266	16	32650143	33485662	835519
VPS35	16	46656132	46689178	33046
MYLK3	16	46702282	46763246	60964
NETO2	16	47077703	47143945	66242
ITFG1	16	47154388	47461274	306886
LINC02134	16	47965689	47971687	5998
ZNF423	16	49487525	49857919	370394
TENT4B	16	50152911	50235308	82397
LINC01571	16	51762519	51772646	10127
TOX3	16	52436416	52547802	111386
RPGRIP1L	16	53598153	53703938	105785
LINC02169	16	54245546	54270879	25333
LINC02140	16	54366007	54370699	4692
CRNDE	16	54918863	54929189	10326
MMP2-AS1	16	55426797	55462297	35500
NUDT21	16	56429133	56451332	22199
NUP93	16	56730129	56850286	120157
SLC12A3	16	56865207	56915850	50643
NLRC5	16	56989557	57083524	93967
CPNE2	16	57092583	57148369	55786
PSME3IP1	16	57152466	57186116	33650
CIAPIN1	16	57428169	57447528	19359
ADGRG3	16	57668306	57689378	21072
TEPP	16	57976435	57988113	11678
ZNF319	16	57994668	57999858	5190
CFAP20	16	58113588	58129425	15837
NDRG4	16	58463645	58513619	49974
GOT2	16	58707131	58734316	27185
LINC02126	16	65141756	65176573	34817
LINC00920	16	66408524	66410900	2376
BEAN1-AS1	16	66469796	66476402	6606
CKLF-CMTM1	16	66552576	66579135	26559
TERB1	16	66754640	66801584	46944
NAE1	16	66802878	66830976	28098
CA7	16	66844414	66854146	9732
CDH16	16	66908122	66918885	10763
CIAO2B	16	66932065	66934402	2337
CES2	16	66934471	66945091	10620
KIAA0895L	16	67175599	67183963	8364
E2F4	16	67192155	67198918	6763
PLEKHG4	16	67278162	67289500	11338
KCTD19	16	67289432	67326741	37309
LRRC36	16	67326815	67385206	58391
TPPP3	16	67389809	67393498	3689
LOC100505942	16	67517706	67528745	11039
CENPT	16	67828157	67847693	19536
NUTF2	16	67846933	67872566	25633
PSKH1	16	67893254	67929676	36422
CTRL	16	67929574	67931862	2288
PSMB10	16	67934507	67936850	2343
PRMT7	16	68311019	68358548	47529
ZFP90	16	68539213	68576072	36859
CDH1	16	68737292	68835536	98244
TANGO6	16	68843531	69085182	241651
SNTB2	16	69187147	69309052	121905
COG8	16	69326428	69339564	13136
WWP2	16	69762332	69941741	179409
SMG1P7	16	70219581	70226033	6452
SF3B3	16	70523816	70577668	53852
MTSS2	16	70661204	70686053	24849
VAC14	16	70687439	70801158	113719
CHST4	16	71526120	71538748	12628
MARVELD3	16	71626184	71641965	15781
ZNF821	16	71859680	71884656	24976
PKD1L3	16	71929538	71999978	70440
NPIPB15	16	74377952	74392114	14162
ADAT1	16	75596868	75623281	26413
DUXB	16	75693893	75701461	7568
CNTNAP4	16	76277401	76560755	283354
ADAMTS18	16	77282128	77435034	152906
CLEC3A	16	78022548	78032101	9553
DYNLRB2	16	80540734	80550811	10077
CDYL2	16	80597907	80804598	206691
CMC2	16	80966448	81006885	40437
ATMIN	16	81035842	81047350	11508
C16orf46	16	81053497	81077267	23770
PKD1L2	16	81100877	81220394	119517
HSBP1	16	83807978	83819737	11759
LOC654780	16	84192558	84197053	4495
COTL1	16	84565598	84618078	52480
LINC01081	16	86225580	86286247	60667
LINC02135	16	86286431	86293389	6958
FENDRR	16	86474525	86508860	34335
MTHFSD	16	86530186	86555235	25049
FOXL1	16	86578549	86583476	4927
LOC101928682	16	87271906	87292452	20546
LOC101928737	16	87494187	87515630	21443
ZNF469	16	88382959	88440751	57792
LOC100128882	16	88512959	88531053	18094
PIEZO1	16	88715338	88785220	69882
LOC100289580	16	88731180	88741425	10245
APRT	16	88809339	88811928	2589
GALNS	16	88813734	88856947	43213
CBFA2T3	16	88874858	88977207	102349
ACSF3	16	89093852	89156233	62381
CDH15	16	89171748	89195492	23744
ANKRD11	16	89267632	89490561	222929
LOC100287036	16	89321133	89325348	4215
VPS9D1	16	89707134	89720898	13764
ZNF276	16	89720368	89740924	20556
MC1R	16	89917879	89920977	3098
DEF8	16	89948731	89968060	19329
TLCD3A	17	732546	742968	10422
GEMIN4	17	744421	752264	7843
MYO1C	17	1464186	1492686	28500
INPP5K	17	1494577	1516612	22035
RTN4RL1	17	1934677	2025334	90657
SMG6	17	2059839	2303785	243946
TSR1	17	2322396	2336457	14061
SGSM2	17	2337501	2381054	43553
LOC284009	17	2406981	2415436	8455
CLUH	17	2689387	2712020	22633
SHPK	17	3608240	3636250	28010
CTNS	17	3636468	3663103	26635
ITGAE	17	3714628	3801188	86560
ATP2A3	17	3923869	3964464	40595
ZZEF1	17	4004445	4143030	138585
MYBBP1A	17	4538896	4555386	16490
LINC01996	17	4610449	4617647	7198
MED11	17	4731428	4733604	2176
CXCL16	17	4733533	4739928	6395
C17orf107	17	4899536	4902934	3398
INCA1	17	4988130	4997610	9480
LOC101928000	17	5111935	5114382	2447
USP6	17	5116032	5174991	58959
ZNF594	17	5179535	5191868	12333
LOC100130950	17	5192007	5236003	43996
RPAIN	17	5419641	5433020	13379
DHX33	17	5440917	5468982	28065
XAF1	17	6755447	6775645	20198
ALOX12-AS1	17	6985123	7012334	27211
ALOX12	17	6996049	7010754	14705
C17orf49	17	7014782	7017520	2738
MIR497HG	17	7015818	7019654	3836
ACADVL	17	7217125	7225267	8142
DVL2	17	7225342	7234517	9175
PHF23	17	7235028	7239457	4429
GABARAP	17	7240008	7242449	2441
EIF5A	17	7306999	7312463	5464
KCTD11	17	7351889	7354943	3054
TMEM95	17	7355156	7357219	2063
TP53	17	7668402	7687550	19148
WRAP53	17	7686071	7703502	17431
NAA38	17	7856681	7885420	28739
PFAS	17	8249289	8270486	21197
SLC25A35	17	8287763	8295400	7637
ODF4	17	8339840	8346046	6206
KRBA2	17	8368653	8376704	8051
RPL26	17	8377516	8383193	5677
CCDC42	17	8729935	8744836	14901
PIK3R6	17	8802722	8867677	64955
PIK3R5	17	8878916	8965712	86796
DHRS7C	17	9771438	9791592	20154
GLP2R	17	9825924	9892099	66175
RCVRN	17	9896320	9905271	8951
GAS7	17	9910606	10198606	288000
MYH8	17	10390323	10421950	31627
MYH4	17	10443291	10469559	26268
MYH1	17	10492310	10518542	26232
ADPRM	17	10697594	10711558	13964
SHISA6	17	11241213	11564063	322850
ZNF18	17	11977439	11997510	20071
COX10	17	14069504	14208677	139173
TEKT3	17	15303812	15341597	37785
CDRT4	17	15436015	15467621	31606
CDRT1	17	15565482	15619704	54222
ZNF286A	17	15699752	15720786	21034
NCOR1	17	16029160	16215534	186374
KRT16P2	17	16830483	16832833	2350
TNFRSF13B	17	16939081	16972118	33037
LOC284191	17	16975999	16981353	5354
MPRIP	17	17042457	17192643	150186
COPS3	17	17246616	17281303	34687
SMCR2	17	17674026	17677688	3662
RAI1	17	17681458	17811451	129993
TOM1L2	17	17843511	17972400	128889
ATPAF2	17	18018021	18039168	21147
CCDC144B	17	18537801	18625617	87816
SLC5A10	17	18950676	19022595	71919
CCDC144CP	17	20321174	20402191	81017
KSR1	17	27456448	27626435	169987
LGALS9	17	27631188	27649560	18372
NOS2	17	27756766	27800529	43763
LYRM9	17	27878314	27893365	15051
KRT18P55	17	28275986	28307382	31396
SLC13A2	17	28473644	28497780	24136
RAB34	17	28714281	28718268	3987
RPL23A	17	28719985	28724359	4374
FAM222B	17	28755980	28842790	86810
DHRS13	17	28897781	28903079	5298
CRYBA1	17	29246857	29254484	7627
NSRP1	17	30116807	30186475	69668
CPD	17	30378927	30469989	91062
SH3GL1P2	17	30624318	30626807	2489
LOC646030	17	31034748	31059109	24361
OMG	17	31294647	31297239	2592
UTP6	17	31860904	31901708	40804
SUZ12	17	31937007	32001038	64031
RHOT1	17	32142454	32225771	83317
ZNF207	17	32350138	32370449	20311
CDK5R1	17	32486993	32491253	4260
AA06	17	33529787	33533760	3973
RAD51L3-RFFL	17	35009112	35121522	112410
FNDC8	17	35121615	35130732	9117
SLFN5	17	35243072	35273654	30582
SLFN11	17	35350310	35373621	23311
SLFN12	17	35410922	35433174	22252
SLFN14	17	35543985	35560819	16834
AP2B1	17	35587322	35726411	139089
RASL10B	17	35731639	35743521	11882
RDM1P5	17	39057019	39081451	24432
RPL19	17	39200283	39204732	4449
FBXL20	17	39252663	39402556	149893
MED1	17	39404285	39451263	46978
PPP1R1B	17	39626952	39636624	9672
ZPBP2	17	39868202	39877896	9694
PSMD3	17	39980807	39997959	17152
CSF3	17	40015440	40017813	2373
CDC6	17	40287879	40304657	16778
GJD3	17	40360653	40364737	4084
CCR7	17	40553770	40565472	11702
KRT26	17	40766238	40772159	5921
KRT13	17	41500981	41505612	4631
KRT9	17	41565837	41572059	6222
KRT16	17	41609779	41612767	2988
KRT17	17	41619442	41624575	5133
DHX58	17	42101411	42112714	11303
ATP6V0A1	17	42458878	42522611	63733
NAGLU	17	42536241	42544448	8207
PLEKHH3	17	42667915	42676994	9079
WNK4	17	42780610	42797066	16456
AOC3	17	42851184	42858131	6947
TMEM106A	17	43211875	43220037	8162
CCDC200	17	43221417	43229011	7594
ARL4D	17	43398993	43401137	2144
MIR2117HG	17	43444707	43451197	6490
DHX8	17	43483865	43544799	60934
MEOX1	17	43640390	43661922	21532
MPP3	17	43800799	43833194	32395
G6PC3	17	44070730	44076344	5614
TMUB2	17	44186951	44191929	4978
SLC4A1	17	44248390	44268135	19745
RUNDC3A-AS1	17	44299574	44308431	8857
GRN	17	44345086	44353106	8020
FAM171A2	17	44353215	44363853	10638
FZD2	17	44557484	44561262	3778
LINC01180	17	44646364	44650349	3985
ADAM11	17	44758988	44781846	22858
GJC1	17	44798448	44830811	32363
HIGD1B	17	44846329	44850474	4145
CCDC103	17	44899712	44905390	5678
DCAKD	17	45023338	45061131	37793
PLCD3	17	45108959	45132515	23556
MAP3K14	17	45263119	45317020	53901
NPEPPS	17	47522933	47623276	100343
MRPL10	17	47823272	47831541	8269
SCRN2	17	47837692	47841273	3581
LOC102724532	17	47891230	47895816	4586
PNPO	17	47941571	47949308	7737
HOXB3	17	48548870	48582379	33509
HOXB8	17	48612346	48615292	2946
HOXB13	17	48724765	48728750	3985
LOC105371814	17	48874860	48908983	34123
PHOSPHO1	17	49223366	49230787	7421
LOC100288866	17	49505657	49574064	68407
SPOP	17	49598884	49678163	79279
SAMD14	17	50110040	50130160	20120
XYLT2	17	50346126	50361185	15059
EPN3	17	50532735	50543750	11015
SPATA20	17	50547089	50555852	8763
CACNA1G	17	50560715	50627471	66756
ANKRD40	17	50693198	50707914	14716
TOM1L1	17	54900691	54961967	61276
TMEM100	17	55719627	55732081	12454
PCTP	17	55751051	55823090	72039
C17orf67	17	56791913	56833920	42007
CUEDC1	17	57861243	57955412	94169
LOC101927666	17	58076891	58083204	6313
LPO	17	58238426	58268518	30092
MTMR4	17	58489537	58517880	28343
PRR11	17	59155746	59206709	50963
LINC01476	17	59430869	59526857	95988
DHX40	17	59565610	59608343	42733
LINC01999	17	60564546	60586620	22074
LOC101927855	17	61361668	61367704	6036
TBX2	17	61399843	61409466	9623
BRIP1	17	61679139	61863528	184389
MED13	17	61942605	62065278	122673
MARCHF10-DT	17	62808502	62836371	27869
DCAF7	17	63550477	63594266	43789
PECAM1	17	64319416	64390860	71444
MILR1	17	64449115	64474006	24891
DDX5	17	64498254	64506866	8612
PLEKHM1P1	17	64784841	64837184	52343
APOH	17	66212033	66229415	17382
CACNG5	17	66835117	66894751	59634
CACNG4	17	66964707	67033396	68689
HELZ	17	67070444	67245196	174752
C17orf58	17	67991099	67993606	2507
KPNA2	17	68035735	68046859	11124
ARSG	17	68259170	68452019	192849
WIPI1	17	68421281	68457524	36243
FAM20A	17	68535116	68601367	66251
ABCA9	17	68974488	69060927	86439
ABCA10	17	69148007	69244815	96808
KCNJ2-AS1	17	70166961	70169402	2441
CASC17	17	71097774	71202179	104405
CPSF4L	17	73248449	73261880	13431
LINC00469	17	73749270	73828537	79267
RPL38	17	74203678	74210655	6977
TTYH2	17	74213571	74262018	48447
DNAI2	17	74274234	74314884	40650
BTBD17	17	74356416	74361868	5452
CD300C	17	74541073	74546115	5042
GRIN2C	17	74842023	74860843	18820
HID1-AS1	17	74970689	74975728	5039
MRPL58	17	75012670	75021261	8591
ARMC7	17	75109969	75130272	20303
GGA3	17	75236599	75262363	25764
MRPS7	17	75261879	75266376	4497
GRB2	17	75318076	75405709	87633
TMEM94	17	75456635	75500452	43817
CASKIN2	17	75500261	75515537	15276
SMIM5	17	75633434	75641406	7972
SAP30BP	17	75667116	75708062	40946
UNC13D	17	75827226	75844717	17491
WBP2	17	75845699	75856436	10737
MRPL38	17	75898644	75904884	6240
FBF1	17	75909574	75938232	28658
TEN1-CDK3	17	75979217	76005999	26782
TEN1	17	75979240	76000586	21346
GALR2	17	76074781	76077537	2756
RNF157-AS1	17	76140556	76154648	14092
UBALD2	17	76265348	76271298	5950
SPHK1	17	76383204	76387855	4651
SEPTIN9	17	77281499	77500596	219097
LINC01973	17	77879001	77884087	5086
C17orf99	17	78146385	78166294	19909
PGS1	17	78378649	78424659	46010
SCAT1	17	78617384	78632057	14673
ENGASE	17	79074824	79088599	13775
SGSH	17	80209276	80220333	11057
RNF213	17	80260852	80398789	137937
RNF213-AS1	17	80351831	80415168	63337
ENDOV	17	80415167	80438084	22917
LOC101928855	17	80801640	80805632	3992
CHMP6	17	80991841	81000133	8292
LINC00482	17	81302824	81309248	6424
LOC100130370	17	81375438	81385382	9944
ACTG1	17	81509971	81512799	2828
PDE6G	17	81650459	81663127	12668
CCDC137	17	81666737	81673897	7160
ARL16	17	81681165	81683924	2759
MRPL12	17	81703367	81707517	4150
RAC3	17	82031678	82034204	2526
FASN	17	82078338	82098236	19898
CSNK1D	17	82239019	82273750	34731
CD7	17	82314873	82317608	2735
SECTM1	17	82321024	82333766	12742
RAB40B	17	82654973	82698698	43725
TUBB8B	18	47221	49557	2336
COLEC12	18	316737	500701	183964
LINC01925	18	508568	515294	6726
ENOSF1	18	670318	712664	42346
SMCHD1	18	2655887	2805017	149130
DLGAP1-AS1	18	3594114	3597379	3265
DLGAP1-AS2	18	3603737	3610089	6352
LINC01892	18	5081182	5098780	17598
AKAIN1	18	5142911	5197752	54841
ZBTB14	18	5289019	5297053	8034
TMEM200C	18	5889413	5895954	6541
NDUFV2-AS1	18	9121265	9136720	15455
PPP4R1	18	9546794	9614559	67765
RAB31	18	9708301	9862551	154250
VAPA	18	9914016	9960021	46005
ANKRD62	18	12093843	12129749	35906
CIDEA	18	12254361	12277595	23234
CEP76	18	12661956	12702777	40821
LINC01882	18	12739486	12749422	9936
RNMT	18	13726673	13764556	37883
MC5R	18	13824149	13827323	3174
ANKRD20A5P	18	14179097	14227050	47953
CYP4F35P	18	14337423	14342524	5101
LINC01443	18	14946267	14973756	27489
ABHD3	18	21650897	21704774	53877
RMC1	18	23503470	23531819	28349
TTC39C	18	23992887	24135600	142713
LINC01915	18	24628182	24662198	34016
LOC105372028	18	24725781	24766645	40864
LINC01894	18	24932774	24987979	55205
ZNF521	18	25061924	25352166	290242
SS18	18	26016253	26091217	74964
PSMA8	18	26133869	26193355	59486
KCTD1	18	26454911	26657473	202562
PCAT18	18	26687621	26703638	16017
B4GALT6	18	31621036	31684745	63709
RNF138	18	32091874	32131561	39687
MEP1B	18	32190039	32220403	30364
ZNF24	18	35332227	35344420	12193
INO80C	18	35468333	35497960	29627
LOC101927809	18	36180001	36187435	7434
FHOD3	18	36297713	36780220	482507
TPGS2	18	36780025	36829216	49191
LOC105372069	18	36901945	36923814	21869
CELF4	18	37243045	37565798	322753
MIR924HG	18	39206924	39751995	545071
LINC01902	18	39841709	39889993	48284
LINC01477	18	40066286	40099233	32947
KC6	18	41480271	41520677	40406
SYT4	18	43267892	43277490	9598
LINC01601	18	44531779	44553903	22124
EPG5	18	45847609	45967329	119720
SKOR2	18	47206169	47251660	45491
SMAD2	18	47808957	47931146	122189
SMAD7	18	48919853	48950711	30858
SNHG22	18	49814023	49851059	37036
MBD1	18	50266882	50281774	14892
ELAC1	18	50968040	50988121	20081
LOC642484	18	56003613	56191262	187649
LINC01905	18	56042278	56096315	54037
LINC01539	18	56083356	56137536	54180
BOD1L2	18	57147087	57150410	3323
NARS1	18	57600656	57621836	21180
LOC100505549	18	57630331	57669283	38952
ATP8B1	18	57646426	57803315	156889
ALPK2	18	58481250	58629091	147841
LINC01926	18	58813880	58834366	20486
CCBE1	18	59430939	59697423	266484
BCL2	18	63123346	63319380	196034
SERPINB8	18	63970029	64019779	49750
CDH19	18	66501085	66604090	103005
CCDC102B	18	68715216	69055189	339973
LINC01899	18	71732616	71782226	49610
LINC02864	18	73154058	73264498	110440
LINC02582	18	73324941	73349889	24948
C18orf63	18	74315839	74359189	43350
DIPK1C	18	74435728	74457268	21540
LINC01898	18	75696083	75712403	16320
ZNF516	18	76357682	76495242	137560
LOC101927989	18	76491652	76493915	2263
LINC01879	18	76690029	76693636	3607
TXNL4A	18	79970813	80033936	63123
ADNP2	18	80109262	80140345	31083
MIER2	19	305575	344841	39266
ODF3L2	19	463346	474983	11637
MADCAM1	19	496486	505343	8857
GZMM	19	544053	549922	5869
HCN2	19	589881	617159	27278
FGF22	19	639895	644373	4478
RNF126	19	647526	663214	15688
FAM174C	19	1275530	1279228	3698
NDUFS7	19	1383907	1395584	11677
MEX3D	19	1554669	1568325	13656
MBD3	19	1573596	1592865	19269
UQCR11	19	1597169	1605462	8293
ADAT3	19	1905399	1913447	8048
CSNK1G2-AS1	19	1952527	1954549	2022
MKNK2	19	2037471	2051244	13773
MOB3A	19	2071036	2096326	25290
IZUMO4	19	2096915	2099590	2675
AP3D1	19	2100988	2151566	50578
LINGO3	19	2289784	2308154	18370
LSM7	19	2321521	2328586	7065
TMPRSS9	19	2389771	2426258	36487
SMIM24	19	3473986	3480525	6539
DOHH	19	3490824	3500674	9850
TBXA2R	19	3594507	3606875	12368
CACTIN-AS1	19	3607247	3613930	6683
MRPL54	19	3762682	3767565	4883
MAP2K2	19	4090322	4124129	33807
SHD	19	4279069	4290722	11653
CHAF1A	19	4402640	4443397	40757
MIR7-3HG	19	4769105	4772556	3451
PTPRS	19	5205508	5340812	135304
SAFB2	19	5586999	5622776	35777
DUS3L	19	5785142	5791163	6021
FUT5	19	5865826	5870540	4714
VMAC	19	5904872	5910853	5981
CLPP	19	6361531	6370242	8711
SLC25A41	19	6426037	6433763	7726
TUBB4A	19	6494319	6502848	8529
TNFSF9	19	6531026	6535924	4898
CD70	19	6581648	6591150	9502
TRIP10	19	6739680	6751530	11850
VAV1	19	6772708	6857361	84653
MBD3L4	19	7037744	7040173	2429
ZNF358	19	7516103	7521025	4922
STXBP2	19	7637110	7647873	10763
CD209	19	7739995	7747534	7539
PRR36	19	7868719	7874390	5671
MAP2K7	19	7903877	7914478	10601
SNAPC2	19	7920338	7923250	2912
CERS4	19	8209370	8262420	53050
NDUFA7	19	8308603	8321413	12810
MYO1F	19	8520788	8577442	56654
ZNF699	19	9291140	9309838	18698
ZNF559	19	9323772	9345898	22126
ZNF177	19	9363013	9382617	19604
ZNF560	19	9466355	9498616	32261
ZNF812P	19	9688860	9700776	11916
UBL5	19	9827918	9830115	2197
COL5A3	19	9959561	10010504	50943
RDH8	19	10013483	10022279	8796
DNMT1	19	10133346	10194953	61607
ZGLP1	19	10304803	10309557	4754
FDX2	19	10310045	10316015	5970
KEAP1	19	10486125	10503356	17231
ATG4D	19	10543904	10553418	9514
AP1M2	19	10572671	10587312	14641
CARM1	19	10871553	10923073	51520
LDLR	19	11089463	11133820	44357
KANK2	19	11164267	11197545	33278
LOC105372273	19	11203628	11216168	12540
TSPAN16	19	11296160	11326996	30836
PLPPR2	19	11355432	11365698	10266
CCDC151	19	11420605	11435782	15177
ZNF441	19	11767000	11784078	17078
ZNF625-ZNF20	19	12131353	12156731	25378
ZNF709	19	12461184	12484816	23632
ZNF791	19	12610920	12633821	22901
MAN2B1	19	12646508	12666777	20269
TRMT1	19	13104900	13116740	11840
IER2	19	13150411	13154911	4500
DCAF15	19	13952474	13961449	8975
RFX1	19	13961530	14006320	44790
LOC100507373	19	14137152	14171263	34111
ADGRL1	19	14147743	14206169	58426
TECR	19	14529560	14565980	36420
NDUFB7	19	14566078	14572066	5988
ADGRE3	19	14619117	14674918	55801
ZNF333	19	14690048	14733742	43694
CCDC105	19	15010726	15023276	12550
ILVBL	19	15114987	15125786	10799
BRD4	19	15237490	15332539	95049
CYP4F3	19	15640897	15662825	21928
LINC00905	19	16033713	16042135	8422
KLF2	19	16324826	16328685	3859
CPAMD8	19	16892951	17026810	133859
USHBP1	19	17249174	17264745	15571
ABHD8	19	17292131	17303425	11294
NXNL1	19	17455425	17460926	5501
SLC27A1	19	17470524	17506168	35644
NIBAN3	19	17523301	17553843	30542
SLC5A5	19	17871945	17895174	23229
MAST3	19	18097778	18151686	53908
IFI30	19	18173813	18178117	4304
ELL	19	18442663	18522070	79407
KXD1	19	18557762	18569387	11625
COMP	19	18782773	18791305	8532
GDF1	19	18868545	18896158	27613
COPE	19	18899514	18919387	19873
NR2C2AP	19	19201411	19203414	2003
SUGP1	19	19276033	19320509	44476
MAU2	19	19320829	19358754	37925
PBX4	19	19561713	19618687	56974
ZNF101	19	19668153	19683506	15353
ZNF14	19	19710472	19733112	22640
ZNF56	19	19776574	19836181	59607
ZNF506	19	19792711	19821750	29039
ZNF682	19	20004418	20039505	35087
ZNF90	19	20078000	20121161	43161
ZNF738	19	21358930	21388582	29652
ZNF493	19	21397133	21427576	30443
ZNF729	19	22286441	22317176	30735
ZNF98	19	22391019	22422346	31327
GOLGA2P9	19	22596257	22603550	7293
LINC01785	19	22615557	22623971	8414
ZNF728	19	22974883	23003176	28293
LINC01859	19	23015075	23023697	8622
ZNF730	19	23117025	23147221	30196
ZNF724	19	23221599	23250394	28795
LINC01224	19	23399236	23416074	16838
LOC100505851	19	23949519	23957953	8434
LOC100420587	19	28435389	28727694	292305
LINC00906	19	28965131	28969148	4017
LINC01532	19	29002555	29013955	11400
ZNF536	19	30225592	30713586	487994
TSHZ3	19	31149876	31349436	199560
LINC01791	19	31167510	31207663	40153
ZNF507	19	32345610	32387667	42057
LOC400684	19	32390050	32405539	15489
PDCD5	19	32581190	32587453	6263
NUDT19	19	32691961	32713796	21835
SLC7A10	19	33208664	33225850	17186
ZNF599	19	34758073	34773215	15142
SCN1B	19	35030470	35040449	9979
FXYD1	19	35138824	35143109	4285
HAMP	19	35282528	35285142	2614
FFAR2	19	35448257	35451767	3510
RBM42	19	35629016	35637686	8670
KMT2B	19	35718019	35738880	20861
LINC01529	19	35788876	35797909	9033
APLP1	19	35868445	35879797	11352
NFKBID	19	35887952	35902303	14351
ZNF566	19	36445119	36489561	44442
ZNF529-AS1	19	36573070	36594716	21646
LINC01534	19	36685439	36687449	2010
LOC728485	19	36773153	36777078	3925
ZNF420	19	37078222	37130366	52144
ZNF383	19	37218214	37248740	30526
ZNF875	19	37312837	37364456	51619
ZNF793	19	37506939	37543333	36394
ZNF540	19	37551374	37614178	62804
LOC644554	19	37817411	37826638	9227
SIPA1L3	19	37907208	38208368	301160
PPP1R14A	19	38251237	38256374	5137
KCNK6	19	38319845	38332076	12231
CATSPERG	19	38335830	38370943	35113
FBXO27	19	39024021	39032549	8528
PAK4	19	39125786	39182816	57030
PLEKHG2	19	39412669	39428415	15746
RPS16	19	39433137	39435949	2812
TIMM50	19	39480838	39493779	12941
LGALS13	19	39602524	39607474	4950
CLC	19	39731255	39738029	6774
SERTAD3	19	40440841	40444335	3494
BLVRB	19	40447768	40465745	17977
NUMBL	19	40665906	40690651	24745
CYP2A6	19	40843541	40850447	6906
CYP2A13	19	41088451	41096195	7744
CYP2F1	19	41114432	41128381	13949
EXOSC5	19	41386374	41397359	10985
CEACAM5	19	41708626	41730421	21795
LYPD4	19	41837074	41844683	7609
DMRTC2	19	41845042	41852333	7291
ATP1A3	19	41966582	41994230	27648
ZNF574	19	42068477	42081567	13090
DEDD2	19	42198598	42220134	21536
MEGF8	19	42325635	42378763	53128
CNFN	19	42387019	42390297	3278
LOC101930071	19	42397128	42408452	11324
LIPE	19	42401514	42427388	25874
CXCL17	19	42428286	42442946	14660
PSG8-AS1	19	42821863	42826878	5015
PSG10P	19	42836997	42855718	18721
PSG2	19	43064209	43082701	18492
PSG9	19	43253282	43269530	16248
IRGC	19	43716076	43720017	3941
SMG9	19	43727983	43754962	26979
ZNF283	19	43827321	43852017	24696
LOC100505715	19	43891804	43901803	9999
ZNF226	19	44165062	44177685	12623
ZNF285	19	44382315	44401608	19293
ZNF229	19	44426251	44448578	22327
CEACAM22P	19	44537058	44556917	19859
CBLC	19	44777869	44800652	22783
APOC4-APOC2	19	44942238	44949565	7327
APOC2	19	44946051	44949565	3514
RELB	19	45001464	45038192	36728
CLASRP	19	45039045	45070956	31911
KLC3	19	45340750	45351519	10769
ERCC2	19	45351391	45370587	19196
CD3EAP	19	45406644	45410766	4122
RTN2	19	45485296	45497047	11751
GPR4	19	45589765	45602212	12447
IGFL2-AS1	19	46189029	46203062	14033
PPP5C	19	46347087	46390975	43888
CCDC8	19	46410329	46413564	3235
DACT3	19	46647551	46661182	13631
FKRP	19	46746057	46758575	12518
C5AR1	19	47309861	47322065	12204
BICRA	19	47608196	47703277	95081
EHD2	19	47713422	47743134	29712
SULT2A1	19	47870467	47886315	15848
SNAR-C5	19	47913051	47955801	42750
CARD8-AS1	19	48255675	48258193	2518
SYNGR4	19	48364367	48376377	12010
GRWD1	19	48445983	48457022	11039
FUT1	19	48748011	48755390	7379
HSD17B14	19	48813018	48836491	23473
DHDH	19	48933699	48944969	11270
GYS1	19	48968130	48993309	25179
NTF4	19	49061140	49063867	2727
SLC6A16	19	49289638	49325191	35553
CD37	19	49335406	49340604	5198
GFY	19	49426431	49428818	2387
PIH1D1	19	49446298	49451814	5516
ALDH16A1	19	49453225	49471050	17825
RPS11	19	49496434	49499708	3274
FCGRT	19	49512661	49526428	13767
MED25	19	49818279	49836980	18701
PTOV1-AS1	19	49838646	49851676	13030
TBC1D17	19	49877702	49888750	11048
NUP62	19	49906826	49929504	22678
SIGLEC16	19	49969664	49975814	6150
IZUMO2	19	50152548	50163281	10733
NAPSB	19	50333800	50344748	10948
NAPSA	19	50358477	50365639	7162
FAM71E1	19	50466788	50476848	10060
SYT3	19	50621977	50639881	17904
LOC105372441	19	50830530	50851143	20613
KLK3	19	50854915	50860764	5849
KLKP1	19	50882096	50896398	14302
KLK5	19	50943303	50953038	9735
KLK6	19	50958631	50969591	10960
KLK11	19	51022236	51027991	5755
CTU1	19	51097606	51108409	10803
LINC01872	19	51271266	51281234	9968
C19orf84	19	51388289	51390591	2302
LOC100129083	19	51415724	51418196	2472
SIGLEC6	19	51517819	51531670	13851
LINC01530	19	51591783	51594380	2597
SPACA6	19	51689382	51705190	15808
HAS1	19	51713112	51723991	10879
FPR1	19	51745172	51751897	6725
FPR3	19	51795157	51826190	31033
ZNF649	19	51889235	51905017	15782
ZNF350-AS1	19	51949134	51981367	32233
ZNF841	19	52058095	52095765	37670
ZNF766	19	52269587	52296046	26459
ZNF528-AS1	19	52388840	52397757	8917
ZNF808	19	52527656	52556336	28680
ZNF600	19	52764184	52786791	22607
ZNF320	19	52859491	52897694	38203
ZNF321P	19	52927135	52942594	15459
ZNF816-ZNF321P	19	52927135	52962911	35776
ZNF816	19	52949390	52962881	13491
ZNF702P	19	52968251	52993531	25280
ERVV-1	19	53014091	53016580	2489
ZNF160	19	53066614	53103434	36820
ZNF415	19	53107879	53132920	25041
ZNF665	19	53162424	53193358	30934
ZNF677	19	53235381	53254903	19522
ZNF845	19	53333719	53356906	23187
ZNF525	19	53365705	53386588	20883
ZNF765	19	53395133	53427321	32188
ZNF761	19	53431984	53458261	26277
ZNF813	19	53467733	53496255	28522
TNNI3	19	55151768	55157732	5964
PPP6R1	19	55229779	55259017	29238
HSPBP1	19	55262223	55280383	18160
KMT5C	19	55339876	55348121	8245
IL11	19	55364382	55370463	6081
SHISA7	19	55428738	55442863	14125
SSC5D	19	55488436	55519099	30663
SBK2	19	55528611	55537133	8522
ZNF579	19	55576774	55580848	4074
CCDC106	19	55647400	55653160	5760
NLRP5	19	55999726	56061808	62082
LINC01864	19	56066684	56078800	12116
GALP	19	56176008	56185775	9767
ZNF582	19	56382751	56393534	10783
ZNF582-AS1	19	56393676	56399175	5499
ZNF470	19	56567468	56582894	15426
PEG3	19	56810083	56840726	30643
ZNF460-AS1	19	57267193	57280334	13141
ZNF749	19	57435325	57447101	11776
ZNF772	19	57469586	57477566	7980
ZNF550	19	57541838	57559863	18025
ZNF530	19	57599885	57612721	12836
ZSCAN4	19	57668935	57679152	10217
ZNF587B	19	57830299	57846238	15939
ZNF417	19	57905774	57916592	10818
ZNF606	19	57977048	58003346	26298
ZNF8-ERVK3-1	19	58278966	58315657	36691
ERVK3-1	19	58305374	58315657	10283
ZNF497	19	58354357	58362751	8394
ZNF837	19	58367623	58381030	13407
ZNF446	19	58476352	58489533	13181
UBE2M	19	58555712	58558611	2899
CENPBD1P1	19	58575399	58584395	8996
SH3YL1	2	218136	264866	46730
LINC01865	2	316284	337054	20770
LINC01939	2	900216	905451	5235
RPS7	2	3575260	3580920	5660
DCDC2C	2	3703575	3848008	144433
LINC01249	2	4628218	4656222	28004
SOX11	2	5692384	5701385	9001
LOC400940	2	5981978	5988232	6254
RNF144A	2	6917412	7076367	158955
LOC101929452	2	7062727	7077880	15153
LOC101929551	2	7886767	7899655	12888
LINC00299	2	8007771	8328419	320648
KIDINS220	2	8721081	8837613	116532
ADAM17	2	9488486	9555830	67344
ODC1-DT	2	10449728	10455552	5824
NOL10	2	10570754	10689987	119233
RN7SL832P	2	10690010	10692095	2085
PDIA6	2	10783391	10837712	54321
C2orf50	2	11133128	11151317	18189
LINC00570	2	11393981	11403077	9096
E2F6	2	11444375	11466177	21802
MIR3681HG	2	12007116	12578348	571232
MYCNUT	2	15920399	15936018	15619
MYCN	2	15940550	15947003	6453
SMC6	2	17663812	17753829	90017
TTC32	2	19896631	19901983	5352
GDF7	2	20667144	20679241	12097
KLHL29	2	23385179	23708606	323427
NCOA1	2	24491254	24770701	279447
PTRHD1	2	24790267	24793382	3115
DNAJC27	2	24943636	24972094	28458
GAREM2	2	26173088	26189663	16575
HADHA	2	26190635	26244632	53997
SELENOI	2	26346143	26395885	49742
TRIM54	2	27282429	27307435	25006
ZNF512	2	27582969	27623217	40248
MRPL33	2	27771717	27779741	8024
FOSL2	2	28392858	28417317	24459
LOC100505774	2	28709050	28736205	27155
PPP1CB	2	28751748	28802940	51192
TOGARAM2	2	28981298	29061373	80075
GALNT14	2	30910465	31138440	227975
EHD3	2	31234152	31269451	35299
SPAST	2	32063611	32157637	94026
SLC30A6	2	32165841	32224379	58538
NLRC4	2	32224449	32265743	41294
BIRC6-AS2	2	32557521	32574818	17297
LINC01318	2	34067226	34069550	2324
LINC01320	2	34677557	34722563	45006
STRN	2	36837698	36966536	128838
HEATR5B	2	36980895	37084372	103477
EIF2AK2	2	37099210	37157047	57837
LINC01883	2	38431294	38433573	2279
ARHGEF33	2	38889882	38975452	85570
SOS1	2	38981549	39120463	138914
CDKL4	2	39168045	39243983	75938
MAP4K3-DT	2	39437416	39601344	163928
LINC01913	2	41877555	41894046	16491
PKDCC	2	42048021	42058516	10495
LINC02580	2	43097746	43102445	4699
ABCG8	2	43838971	43882988	44017
SLC3A1	2	44275480	44321492	46012
ATP6V1E2	2	46511847	46542577	30730
RHOQ	2	46542490	46584688	42198
SOCS5	2	46698960	46763128	64168
LINC01119	2	46827864	46859006	31142
CALM2	2	47160082	47176936	16854
FBXO11	2	47806920	47906498	99578
FOXN2	2	48314299	48379295	64996
GTF2A1L	2	48617780	48679611	61831
ERLEC1	2	53786931	53818819	31888
ACYP2	2	53971113	54305298	334185
LINC01813	2	56074654	56090382	15728
LINC01122	2	58520753	59063766	543013
LINC01793	2	59217708	59279400	61692
PAPOLG	2	60756268	60802086	45818
REL	2	60881574	60931612	50038
COMMD1	2	61888391	62141185	252794
TMEM17	2	62500219	62506195	5976
LOC100132215	2	63043966	63048521	4555
LOC100507006	2	64228401	64252531	24130
LINC01800	2	64846130	64863631	17501
ACTR2	2	65227695	65271256	43561
SPRED2	2	65310851	65432599	121748
LINC01798	2	66574030	66695588	121558
PROKR1	2	68643588	68655576	11988
ARHGAP25	2	68734811	68826825	92014
LOC107985770	2	69789550	69798998	9448
ASPRV1	2	69960091	69962265	2174
PCBP1-AS1	2	69962263	70087015	124752
SNRPG	2	70281362	70293771	12409
FAM136A	2	70295976	70302067	6091
CLEC4F	2	70808645	70820599	11954
VAX2	2	70900576	70933445	32869
ATP6V1B1	2	70935900	70965431	29531
ATP6V1B1-AS1	2	70942013	70948611	6598
ANKRD53	2	70978445	70985499	7054
MCEE	2	71109687	71130229	20542
PAIP2B	2	71182738	71227103	44365
DYSF	2	71453561	71686763	233202
EXOC6B	2	72175984	72826033	650049
CCT7	2	73234236	73253022	18786
SLC4A5	2	74216242	74343416	127174
DCTN1	2	74361154	74392087	30933
RTKN	2	74425835	74441937	16102
WBP1	2	74458438	74460881	2443
MOGS	2	74461057	74465382	4325
LBX2-AS1	2	74502593	74505065	2472
DQX1	2	74518131	74526231	8100
SEMA4F	2	74654228	74683854	29626
HK2	2	74834127	74893358	59231
POLE4	2	74958643	74970128	11485
TACR1	2	75046463	75199520	153057
EVA1A	2	75492318	75569719	77401
LINC01851	2	77915934	77918008	2074
LOC101927948	2	78088730	78127806	39076
LINC01815	2	81461359	81466946	5587
SUCLG1	2	84423528	84459280	35752
LINC01964	2	85064110	85067347	3237
TCF7L1	2	85133392	85310387	176995
TGOLN2	2	85318027	85327989	9962
RETSAT	2	85341955	85354528	12573
VAMP8	2	85577586	85582031	4445
TMEM150A	2	85598547	85602699	4152
GNLY	2	85694358	85698852	4494
ST3GAL5	2	85837120	85889034	51914
IMMT	2	86143932	86195770	51838
CD8B	2	86815337	86861924	46587
PLGLB2	2	87010465	87759475	749010
CYTOR	2	87455427	87521518	66091
KRCC1	2	88027205	88055783	28578
THNSL2	2	88170295	88186637	16342
TEX37	2	88524649	88529585	4936
LSP1P4	2	91636683	91659949	23266
GGT8P	2	91775342	91782127	6785
ANKRD20A8P	2	94760928	94857075	96147
LOC442028	2	94868685	94947342	78657
KCNIP3	2	95297347	95386077	88730
TRIM43	2	95592001	95599776	7775
ADRA2B	2	96112876	96116571	3695
CIAO1	2	96266225	96274162	7937
FER1L5	2	96642764	96704883	62119
CNNM4	2	96760902	96811873	50971
SEMA4C	2	96859718	96870080	10362
LOC101927053	2	96919106	96925837	6731
ANKRD36B	2	97504798	97589965	85167
C2orf15	2	99141613	99151465	9852
MITD1	2	99169263	99181061	11798
REV1	2	99400477	99490017	89540
PDCL3	2	100562993	100576739	13746
RPL31	2	101002229	101019693	17464
CREG2	2	101345550	101387503	41953
MAP4K4	2	101697703	101894690	196987
LINC01127	2	101983465	101985545	2080
TMEM182	2	102736935	102817679	80744
PANTR1	2	104805425	104853183	47758
MRPS9-AS2	2	104936241	105038496	102255
TGFBRAP1	2	105249408	105329735	80327
FHL2	2	105357716	105438529	80813
PLGLA	2	106382114	106391395	9281
RGPD3	2	106404680	106468345	63665
SLC5A7	2	107986524	108013993	27469
LINC01593	2	108049200	108052755	3555
GCC2-AS1	2	108507541	108534219	26678
EDAR	2	108894471	108989220	94749
SH3RF3	2	109129205	109504634	375429
MALL	2	110083870	110118139	34269
MTLN	2	110211529	110245420	33891
BCL2L11	2	111120914	111168445	47531
MERTK	2	111898607	112029558	130951
CKAP2L	2	112736351	112764609	28258
IL1B	2	112829756	112836779	7023
IL36G	2	112978006	112985657	7651
IL1F10	2	113067970	113075842	7872
PSD4	2	113173971	113209391	35420
PAX8	2	113215997	113278921	62924
CBWD2	2	113437691	113496204	58513
FOXD4L1	2	113499084	113501150	2066
WASH2P	2	113583653	113599036	15383
RPL23AP7	2	113611239	113627138	15899
ACTR3	2	113889934	113962596	72662
DPP10-AS3	2	114828341	114833548	5207
THORLNC	2	118182922	118186386	3464
LOC107105282	2	119476454	119487343	10889
TMEM185B	2	120217479	120223400	5921
CLASP1	2	121337776	121649462	311686
BIN1	2	127048023	127107154	59131
WDR33	2	127701031	127811187	110156
RAB6C	2	129979666	129982738	3072
CCDC74B	2	130139283	130145134	5851
FAR2P2	2	130416751	130428546	11795
ARHGEF4	2	130836914	131047253	210339
LOC440910	2	131279290	131299819	20529
NOC2LP2	2	131442161	131444894	2733
TUBA3D	2	131476119	131482934	6815
SMPD4BP	2	131492813	131521576	28763
CCDC74A	2	131527675	131533666	5991
LINC01945	2	131983786	132037900	54114
NCKAP5	2	132671790	133568463	896673
ACMSD	2	134838616	134902032	63416
MAP3K19	2	134964491	135024678	60187
DARS1	2	135905881	135985684	79803
DARS-AS1	2	135985176	136007542	22366
CXCR4	2	136114349	136118149	3800
LINC01832	2	138101884	138105905	4021
NXPH2	2	138669157	138780390	111233
KYNU	2	142877664	143055833	178169
LOC101928386	2	143937067	143964155	27088
LINC01412	2	144521868	144579434	57566
RND3	2	150468193	150487695	19502
RIF1	2	151409902	151482171	72269
NEB	2	151485339	151734487	249148
GALNT13	2	153871922	154454177	582255
LINC01876	2	156020535	156254931	234396
NR4A2	2	156324437	156332721	8284
FAM133DP	2	157378491	157380509	2018
ACVR1C	2	157526767	157628864	102097
UPP2	2	157995179	158136154	140975
CCDC148	2	158171073	158456753	285680
PKP4	2	158456880	158682888	226008
DAPL1	2	158795317	158815990	20673
LOC101929532	2	162114441	162172733	58292
FAP	2	162170684	162243445	72761
IFIH1	2	162267074	162318684	51610
KCNH7	2	162371407	162838767	467360
LOC101929633	2	164840749	164849396	8647
TTC21B	2	165873362	165953776	80414
XIRP2-AS1	2	167122809	167140955	18146
LRP2	2	169127109	169362534	235425
PPIG	2	169584351	169641405	57054
PHOSPHO2-KLHL23	2	169694469	169751878	57409
LINC01124	2	170712439	170714567	2128
CYBRD1	2	171522233	171558129	35896
SLC25A12	2	171783405	171894306	110901
METAP1D	2	171999953	172082429	82476
ITGA6	2	172427336	172506458	79122
PDK1	2	172555373	172625623	70250
RAPGEF4-AS1	2	172723190	172736206	13016
CDCA7	2	173354872	173368993	14121
SP9	2	174334954	174338500	3546
GPR155	2	174431572	174487088	55516
LNPK	2	175923882	176002820	78938
HOXD11	2	176107280	176109754	2474
HOXD-AS2	2	176134841	176137098	2257
NFE2L2	2	177230303	177265131	34828
LOC100130691	2	177283508	177392691	109183
OSBPL6	2	178194481	178402893	208412
CHROMR	2	178413659	178440243	26584
PJVK	2	178451378	178462102	10724
PLEKHA3	2	178480457	178516463	36006
SESTD1	2	179101678	179264832	163154
CWC22	2	179944876	180007297	62421
ITPRID2	2	181891730	181930737	39007
LOC105373782	2	185164954	185167072	2118
LINC01473	2	186033534	186086317	52783
FAM171B	2	186694060	186765959	71899
TFPI	2	187464231	187554505	90274
GULP1	2	188291874	188595925	304051
ASNSD1	2	189661399	189670831	9432
ANKAR	2	189675985	189746650	70665
OSGEPL1-AS1	2	189762780	189765556	2776
NEMP2	2	190504338	190534722	30384
GLS	2	190880821	190965544	84723
STAT1	2	190969036	191014250	45214
LOC105373805	2	191021526	191032314	10788
STAT4	2	191029576	191151596	122020
MYO1B	2	191245404	191425386	179982
LOC729254	2	191792840	191820249	27409
PCGEM1	2	192749845	192776899	27054
C2orf66	2	196804415	196810276	5861
PGAP1	2	196833004	196926707	93703
HSPD1	2	197486584	197500274	13690
HSPE1-MOB4	2	197500379	197553699	53320
TYW5	2	199928913	199955491	26578
MAIP1	2	199955317	199964117	8800
KCTD18	2	200488961	200510068	21107
AOX3P-AOX2P	2	200695723	200794915	99192
NDUFB3	2	201072001	201085750	13749
TMEM237	2	201620186	201643503	23317
MPP4	2	201644874	201698644	53770
FAM117B	2	202634969	202769757	134788
WDR12	2	202874263	202911673	37410
CARF	2	202912218	202988263	76045
ABI2	2	203328394	203432169	103775
CTLA4	2	203867771	203873965	6194
NRP2	2	205682500	205798131	115631
ADAM23	2	206443532	206621127	177595
DYTN	2	206651621	206718396	66775
MDH1B	2	206737765	206765328	27563
MYOSLID-AS1	2	207186690	207254316	67626
LINC01802	2	207260445	207271064	10619
CCNYL1	2	207711540	207756172	44632
PTH2R	2	208359692	208494506	134814
MYL1	2	210290150	210315174	25024
LINC01878	2	212795331	212819263	23932
VWC2L	2	214411054	214578975	167921
MREG	2	215942584	216034096	91512
PECR	2	216038388	216081809	43421
LINC01963	2	216216889	216220192	3303
MARCHF4	2	216257865	216372483	114618
IGFBP5	2	216672105	216695549	23444
CXCR1	2	218162841	218166962	4121
ARPC2	2	218217189	218254348	37159
SLC11A1	2	218382273	218396894	14621
STK36	2	218672086	218702717	30631
CDK5R2	2	218959666	218962155	2489
SLC23A3	2	219161466	219170029	8563
DNAJB2	2	219279366	219286895	7529
DNPEP	2	219372043	219400007	27964
ASIC4	2	219514170	219538772	24602
EPHA4	2	221418027	221574202	156175
CT75	2	222318471	222357910	39439
AP1S3	2	223755326	223837582	82256
MRPL44	2	223957463	223967714	10251
DOCK10	2	224765090	225042468	277378
COL4A4	2	227002716	227164205	161489
SP140L	2	230327171	230403732	76561
LINC01907	2	230690921	230700529	9608
SPATA3-AS1	2	230984368	230996032	11664
HTR2B	2	231108230	231125042	16812
NMUR1	2	231523187	231530445	7258
ECEL1	2	232479827	232487834	8007
NGEF	2	232878702	233013256	134554
LOC101928881	2	233012614	233015885	3271
NEU2	2	233032672	233035057	2385
DGKD	2	233354494	233472098	117604
USP40	2	233475092	233566782	91690
LINC01891	2	234444590	234454595	10005
ACKR3	2	236569825	236582351	12526
COPS8	2	237085441	237100474	15033
MLPH	2	237486410	237555322	68912
RAB17	2	237574326	237590734	16408
UBE2F	2	237966945	238042782	75837
ERFE	2	238158970	238168890	9920
ASB1	2	238426927	238452250	25323
TWIST2	2	238848085	238910534	62449
LINC01940	2	238919302	238926269	6967
GPC1	2	240435663	240468076	32413
AQP12B	2	240676418	240682885	6467
AQP12A	2	240691866	240698483	6617
KIF1A	2	240713764	240820308	106544
ANO7	2	241188677	241225975	37298
HDLBP	2	241227264	241315842	88578
FARP2	2	241356285	241494841	138556
THAP4	2	241584405	241637158	52753
ING5	2	241687020	241729477	42457
ZCCHC3	20	297570	300319	2749
RBCK1	20	408050	432137	24087
SLC52A3	20	760080	775985	15905
RSPO4	20	958453	1002311	43858
RAD21L1	20	1226120	1254501	28381
SNPH	20	1266294	1309327	43033
SDCBP2	20	1309911	1329139	19228
FKBP1A-SDCBP2	20	1309911	1393172	83261
SIRPG	20	1629152	1657779	28627
PDYN-AS1	20	1947210	2007517	60307
TGM6	20	2380901	2432753	51852
TMC2	20	2536607	2641784	105177
NOP56	20	2652632	2658393	5761
TMEM239	20	2816302	2820284	3982
VPS16	20	2840697	2866732	26035
MRPS26	20	3046052	3048250	2198
FASTKD5	20	3146519	3159865	13346
DDRGK1	20	3190350	3204682	14332
ADAM33	20	3667965	3682690	14725
C20orf27	20	3753499	3768388	14889
LINC01433	20	4193090	4195953	2863
SLC23A2	20	4852358	5010313	157955
PROKR2	20	5301200	5316732	15532
LOC643406	20	5471196	5477134	5938
CHGB	20	5911510	5925353	13843
MCM8	20	5950652	5998971	48319
BMP2	20	6767686	6780246	12560
JAG1	20	10637684	10673999	36315
LOC339593	20	11266659	11273383	6724
LOC102606466	20	12934878	12936963	2085
BANF2	20	17693675	17735872	42197
SNX5	20	17941600	17968794	27194
MGME1	20	17968943	17991122	22179
SEC23B	20	18507482	18561415	53933
SMIM26	20	18567420	18569611	2191
LINC00652	20	18787971	18794584	6613
INSM1	20	20368104	20370948	2844
KIZ	20	21125975	21246620	120645
XRN2	20	21303331	21389825	86494
LOC284788	20	22400333	22420643	20310
LINC00261	20	22560554	22578642	18088
FOXA2	20	22581000	22585490	4490
LNCNEF	20	22587522	22607517	19995
NXT1	20	23350791	23354771	3980
CST8	20	23491117	23496010	4893
CST9	20	23602410	23605973	3563
SYNDIG1	20	24469199	24666617	197418
ACSS1	20	25006230	25058182	51952
VSX1	20	25070886	25082379	11493
LOC284798	20	25140798	25148790	7992
GINS1	20	25407673	25448563	40890
ZNF337-AS1	20	25624045	25678072	54027
ZNF337	20	25673195	25696853	23658
MIR663AHG	20	26187019	26209233	22214
FRG1BP	20	30377164	30419842	42678
DEFB118	20	31368601	31373902	5301
DEFB124	20	31465506	31473013	7507
HM13	20	31514410	31569567	55157
TPX2	20	31739290	31801800	62510
XKR7	20	31968151	32003387	35236
HCK	20	32052242	32101842	49600
POFUT1	20	32207880	32238658	30778
ASXL1	20	32358331	32439319	80988
LOC101929698	20	32509959	32520285	10326
DNMT3B	20	32762385	32809356	46971
BPIFA2	20	33161770	33181412	19642
NECAB3	20	33657087	33674428	17341
RALY	20	33993911	34084884	90973
ITCH	20	34363273	34511773	148500
TP53INP2	20	34704344	34713436	9092
ACSS2	20	34874963	34927966	53003
GSS	20	34928432	34956027	27595
UQCC1	20	35302566	35412142	109576
GDF5	20	35433349	35454749	21400
C20orf173	20	35520742	35529652	8910
NFS1	20	35668052	35699352	31300
RBM39	20	35701347	35742336	40989
AAR2	20	36236417	36256941	20524
SLA2	20	36612319	36646196	33877
TLDC2	20	36876121	36894231	18110
BLCAP	20	37517417	37527931	10514
NNAT	20	37521250	37523688	2438
LOC149684	20	38260175	38288946	28771
RALGAPB	20	38472843	38578858	106015
PPP1R16B	20	38805697	38923024	117327
MAFB	20	40685848	40689236	3388
SRSF6	20	43457896	43464243	6347
IFT52	20	43590937	43647299	56362
TOX2	20	43914852	44069614	154762
OSER1	20	44195941	44210771	14830
TTPAL	20	44475874	44494603	18729
LINC01260	20	44656451	44671739	15288
KCNK15-AS1	20	44711862	44746227	34365
KCNK15	20	44745865	44752313	6448
RIMS4	20	44751808	44810546	58738
PABPC1L	20	44910060	44939316	29256
STK4	20	44966512	45080021	113509
WFDC6	20	45534196	45539482	5286
WFDC8	20	45551152	45579284	28132
DNTTIP1	20	45791954	45811418	19464
TNNC2	20	45823216	45827312	4096
ZNF335	20	45948660	45972203	23543
NCOA5	20	46060995	46089962	28967
ELMO2	20	46366045	46407051	41006
TP53RK	20	46684365	46689444	5079
LOC100131496	20	47318502	47320754	2252
LINC01754	20	47382766	47412144	29378
SULF2	20	47657406	47786616	129210
PREX1	20	48624253	48827999	203746
ARFGEF2	20	48921711	49036693	114982
KCNB1	20	49363877	49482668	118791
PTGIS	20	49503874	49568137	64263
SNAI1	20	49982980	49988883	5903
UBE2V1	20	50081124	50115957	34833
MOCS3	20	50958818	50963929	5111
LINC01524	20	52620838	52650426	29588
CBLN4	20	55997357	56005519	8162
FAM210B	20	56358974	56368662	9688
FAM209B	20	56533246	56536520	3274
TFAP2C	20	56629306	56639282	9976
CTCFL	20	57495965	57525652	29687
RAB22A	20	58309715	58367507	57792
STX16	20	58651283	58679526	28243
GNAS-AS1	20	58818918	58850903	31985
FAM217B	20	59933779	59948680	14901
PPP1R3D	20	59936663	59940305	3642
MIR646HG	20	60138492	60322256	183764
LOC100128310	20	61717506	61719748	2242
MTG2	20	62183025	62202754	19729
LOC105369209	20	62228243	62236301	8058
OSBPL2	20	62238521	62296213	57692
NTSR1	20	62708836	62762771	53935
COL9A3	20	62817050	62841159	24109
TCFL5	20	62841005	62861822	20817
LINC00029	20	63034217	63037028	2811
HAR1B	20	63095493	63102319	6826
COL20A1	20	63293186	63334851	41665
LOC100130587	20	63359988	63371177	11189
EEF1A2	20	63488014	63499083	11069
SRMS	20	63539924	63547504	7580
RTEL1	20	63657810	63696253	38443
LIME1	20	63735701	63739107	3406
UCKL1	20	63939829	63956416	16587
PRPF6	20	63981132	64033100	51968
TCEA2	20	64056972	64072347	15375
RGS19	20	64073181	64079964	6783
LINC00266-1	20	64290385	64303354	12969
TEKT4P2	21	9068356	9129761	61405
LINC01667	21	9781849	9821061	39212
RBM11	21	14216157	14228372	12215
ABCC13	21	14273799	14301371	27572
LINC02246	21	14816838	14918668	101830
USP25	21	15729934	15880071	150137
MIR99AHG	21	16070488	16631727	561239
CXADR	21	17512906	17593579	80673
CHODL	21	17917340	18267371	350031
LINC00320	21	20742590	20803108	60518
LINC01687	21	22009158	22098459	89301
LINC01689	21	24304550	24321377	16827
LINC00158	21	25385820	25431701	45881
MIR155HG	21	25562145	25575168	13023
ATP5PF	21	25724480	25735654	11174
LINC00113	21	27722379	27751233	28854
RWDD2B	21	29004384	29019371	14987
MAP3K7CL	21	29077114	29175889	98775
GRIK1	21	29536933	29940052	403119
CFAP298	21	32599356	32612871	13515
LINC00945	21	33057829	33065079	7250
OLIG1	21	33070141	33072413	2272
IFNAR2	21	33229895	33265663	35768
LINC00310	21	34180677	34189919	9242
KCNE2	21	34364024	34371141	7117
LINC00160	21	34723807	34737182	13375
LINC01426	21	34745825	34784871	39046
LINC01436	21	36005320	36008295	2975
SETD4	21	36034541	36060526	25985
CBR3-AS1	21	36131767	36156308	24541
CBR3	21	36135079	36146562	11483
DOP1B	21	36156782	36294274	137492
PIGP	21	37065364	37073158	7794
DSCR10	21	38206156	38208644	2488
IGSF5	21	39745407	39802096	56689
PCP4	21	39867438	39929392	61954
DSCAM	21	40010999	40847158	836159
PLAC4	21	41175231	41185239	10008
MX2	21	41362027	41409392	47365
LINC00111	21	41679302	41697336	18034
RIPK4	21	41739373	41767052	27679
SLC37A1	21	42499622	42581422	81800
WDR4	21	42843080	42879589	36509
HSF2BP	21	43529186	43659488	130302
RRP1B	21	43659560	43696079	36519
RRP1	21	43789577	43805278	15701
TRAPPC10	21	44012309	44106551	94242
TRPM2	21	44353601	44443081	89480
LRRC3	21	44455510	44462196	6686
LINC02575	21	44485571	44491142	5571
UBE2G2	21	44768580	44801820	33240
LINC01547	21	44933284	44939913	6629
LINC00205	21	45288052	45297354	9302
LINC00316	21	45338590	45341990	3400
LINC01694	21	45593654	45603056	9402
C21orf58	21	46300430	46323899	23469
CCT8L2	22	16590751	16592810	2059
LOC101929372	22	17580157	17589192	9035
LINC00528	22	17777290	17779481	2191
LINC01634	22	18029385	18037968	8583
FAM230D	22	18178026	18205863	27837
FAM230F	22	18865043	18894431	29388
SLC25A1	22	19175575	19178863	3288
CLTCL1	22	19179474	19291719	112245
HIRA	22	19330699	19431733	101034
MRPL40	22	19431902	19436078	4176
TANGO2	22	20017000	20067164	50164
CCDC188	22	20148416	20151055	2639
DGCR6L	22	20314238	20320060	5822
FAM230G	22	20340997	20352494	11497
SCARF2	22	20424584	20437825	13241
KLHL22	22	20441519	20495795	54276
TMEM191A	22	20701114	20704603	3489
THAP7	22	20999104	21002118	3014
SLC7A4	22	21028718	21032561	3843
POM121L8P	22	21282425	21297726	15301
RIMBP3B	22	21383751	21551084	167333
HIC2	22	21417371	21451461	34090
GGTLC2	22	22644620	22647898	3278
BCR	22	23180509	23318037	137528
PCAT14	22	23538102	23547306	9204
ZNF70	22	23738682	23751112	12430
SPECC1L	22	24270817	24417740	146923
ADORA2A-AS1	22	24429206	24495074	65868
PIWIL3	22	24719034	24774720	55686
SGSM1	22	24806211	24927578	121367
TMEM211	22	24934954	24946695	11741
KIAA1671-AS1	22	25102417	25112692	10275
CRYBB3	22	25199858	25207359	7501
CRYBB2P1	22	25448087	25461678	13591
GRK3	22	25564675	25729294	164619
TFIP11	22	26491240	26512506	21266
LOC100507599	22	26512532	26514567	2035
MIAT	22	26657482	26676477	18995
ZNRF3-AS1	22	29024999	29031476	6477
RHBDD3	22	29259852	29268163	8311
NEFH	22	29480218	29491390	11172
LIF	22	30240453	30246759	6306
MTFP1	22	30425768	30429054	3286
SEC14L4	22	30488906	30505695	16789
SLC35E4	22	30635781	30669019	33238
MORC2-AS1	22	30922308	30926653	4345
LIMK2	22	31212298	31280080	67782
DEPDC5	22	31753968	31908033	154065
RFPL3S	22	32359906	32371264	11358
FBXO7	22	32474811	32498831	24020
SYN3	22	32507820	33058381	550561
LINC01640	22	33108529	33116294	7765
LARGE-AS1	22	33724986	33750816	25830
APOL3	22	36140323	36166177	25854
MYH9	22	36281277	36388067	106790
IFT27	22	36758211	36776119	17908
LL22NC01-81G9.3	22	36965248	36968172	2924
TST	22	37010859	37020183	9324
IL2RB	22	37125840	37175118	49278
CYTH4	22	37282508	37315341	32833
MFNG	22	37469063	37486387	17324
CDC42EP1	22	37560480	37569403	8923
PDXP	22	37658723	37666932	8209
GCAT	22	37807905	37817176	9271
GALR3	22	37823382	37825485	2103
EIF3L	22	37849419	37889407	39988
MAFF	22	38201932	38216510	14578
TPTEP2	22	38344665	38398926	54261
JOSD1	22	38685543	38701403	15860
NPTXR	22	38818452	38844028	25576
APOBEC3B	22	38982347	38992779	10432
APOBEC3D	22	39021127	39033277	12150
APOBEC3G	22	39077005	39087743	10738
MGAT3	22	39457012	39492196	35184
RPS19BP1	22	39529093	39532748	3655
ENTHD1	22	39743044	39893760	150716
GRAP2	22	39901084	39973721	72637
ST13	22	40824535	40857008	32473
PHF5A	22	41459717	41468692	8975
ACO2	22	41469117	41528974	59857
MEI1	22	41699503	41799454	99951
SREBF2	22	41833105	41907305	74200
SEPTIN3	22	41969443	41998221	28778
OGFRP1	22	42269753	42274862	5109
RRP7A	22	42508344	42519796	11452
ARFGAP3	22	42796503	42857273	60770
BIK	22	43110750	43129712	18962
MCAT	22	43132206	43143398	11192
PNPLA3	22	43923805	43947582	23777
PARVG	22	44172956	44208469	35513
RTL6	22	44492583	44498233	5650
LINC00229	22	44606328	44625419	19091
LOC105373064	22	45176242	45191612	15370
FBLN1	22	45502883	45601135	98252
LINC00899	22	46039907	46044868	4961
LOC642648	22	46064651	46071021	6370
PPARA	22	46150526	46243756	93230
CDPF1	22	46244013	46250293	6280
PKDREJ	22	46255663	46263343	7680
TRMU	22	46335714	46357340	21626
CELSR1	22	46360834	46537620	176786
GRAMD4	22	46577088	46682756	105668
LINC00898	22	47621043	47631569	10526
LOC284930	22	47631674	47855600	223926
LOC284933	22	48538900	48547387	8487
ZBED4	22	49853844	49890080	36236
CRELD2	22	49918634	49927537	8903
IL17REL	22	49991811	50012765	20954
TUBGCP6	22	50217694	50245023	27329
HDAC10	22	50245184	50251265	6081
PLXNB2	22	50274979	50307646	32667
LMF2	22	50502949	50507702	4753
CHKB-CPT1B	22	50568861	50582999	14138
CHKB-DT	22	50583026	50595281	12255
ARSA	22	50622754	50628152	5398
CHL1-AS1	3	363373	385795	22422
CRBN	3	3149633	3179717	30084
LRRN1	3	3799431	3849834	50403
ITPR1-DT	3	4490317	4493163	2846
BHLHE40	3	4979437	4985323	5886
ARL8B	3	5122292	5180911	58619
GRM7-AS3	3	6632358	6805449	173091
SRGAP3	3	8980591	9249646	269055
SETD5	3	9397615	9478154	80539
CPNE9	3	9703833	9729908	26075
ARPC4-TTLL3	3	9792548	9836356	43808
RPUSD3	3	9837802	9844059	6257
CIDEC	3	9866710	9880254	13544
IL17RE	3	9902612	9916400	13788
CIDECP1	3	10017553	10026136	8583
ATP2B2	3	10324023	10619961	295938
TSEN2	3	12484432	12539624	55192
MKRN2	3	12557014	12583711	26697
TMEM40	3	12733528	12769457	35929
LINC02022	3	12877522	12885211	7689
IQSEC1	3	12897043	13073429	176386
FBLN2	3	13549125	13638402	89277
FGD5P1	3	13933056	13936944	3888
TPRXL	3	13937307	14065981	128674
CHCHD4	3	14112077	14124870	12793
XPC	3	14145148	14178672	33524
GRIP2	3	14489109	14540342	51233
LINC02011	3	14799331	14811414	12083
COL6A4P1	3	15165362	15205959	40597
SH3BP5-AS1	3	15254184	15264498	10314
BTD	3	15601352	15722515	121163
GALNT15	3	16174680	16231992	57312
DPH3	3	16257061	16264943	7882
KCNH8	3	19148510	19535642	387132
KAT2B	3	20040446	20154404	113958
SGO1	3	20160593	20186233	25640
SGO1-AS1	3	20174286	20186115	11829
ZNF385D-AS1	3	21542789	21579959	37170
ZNF385D-AS2	3	21957139	21979828	22689
NKIRAS1	3	23892081	23917046	24965
RPL15	3	23916545	23924631	8086
THRB-AS1	3	24494087	24500011	5924
RARB	3	24829323	25597931	768608
LINC00692	3	25858532	25873695	15163
CMC1	3	28241619	28325127	83508
RBMS3	3	29281071	30010395	729324
GADL1	3	30726200	30894661	168461
OSBPL10-AS1	3	31704213	31721586	17373
CNOT10	3	32685188	32773875	88687
CCR4	3	32951644	32956347	4703
CRTAP	3	33114014	33147773	33759
C3orf35	3	37386269	37435497	49228
ITGA9-AS1	3	37753689	37861780	108091
SLC22A13	3	38265812	38278757	12945
SCN5A	3	38548062	38649687	101625
SCN10A	3	38697346	38794010	96664
GORASP1	3	39096599	39108363	11764
CSRNP1	3	39141851	39154641	12790
CCR8	3	39329709	39333680	3971
SLC25A38	3	39383370	39397351	13981
ENTPD3-AS1	3	40390951	40453308	62357
RPL14	3	40457339	40468587	11248
ZNF621	3	40524878	40539794	14916
TRAK1	3	42087200	42225890	138690
CCK	3	42257824	42266185	8361
LYZL4	3	42397083	42410610	13527
NKTR	3	42600686	42648735	48049
ZBTB47	3	42653697	42667580	13883
KLHL40	3	42685537	42692544	7007
CCDC13	3	42705756	42773253	67497
LINC02158	3	42770612	42773634	3022
SNRK	3	43286512	43351142	64630
SNRK-AS1	3	43346919	43351962	5043
TOPAZ1	3	44241886	44332098	90212
EXOSC7	3	44976244	45012666	36422
CLEC3B	3	45026303	45036071	9768
LARS2	3	45388576	45549407	160831
FYCO1	3	45917903	45995824	77921
CCR1	3	46201711	46208313	6602
CCR3	3	46242381	46266706	24325
CCR2	3	46353744	46360929	7185
ALS2CL	3	46668995	46693679	24684
PRSS50	3	46712117	46717869	5752
PRSS42P	3	46829542	46834095	4553
CCDC12	3	46921730	46982010	60280
NBEAL2	3	46979666	47009701	30035
KLHL18	3	47282944	47346816	63872
PTPN23	3	47381021	47413435	32414
SCAP	3	47413681	47475941	62260
ELP6	3	47495640	47513712	18072
CSPG5	3	47562238	47580240	18002
CDC25A	3	48157146	48188417	31271
NME6	3	48292317	48301685	9368
SPINK8	3	48306844	48328341	21497
PFKFB4	3	48517684	48561129	43445
UCN2	3	48561718	48563781	2063
CELSR3	3	48636463	48662886	26423
NCKIPSD	3	48673845	48685915	12070
IP6K2	3	48688003	48717278	29275
P4HTM	3	48989908	49007153	17245
QRICH1	3	49029707	49094373	64666
USP4	3	49277144	49340053	62909
NICN1	3	49422333	49429324	6991
DAG1	3	49468703	49535618	66915
AMIGO3	3	49716829	49719684	2855
CDHR4	3	49790734	49799873	9139
UBA7	3	49805209	49813953	8744
RBM6	3	49940150	50077249	137099
GNAI2	3	50227068	50259362	32294
HYAL1	3	50299889	50312381	12492
HYAL2	3	50317790	50322850	5060
TUSC2	3	50324909	50328238	3329
RASSF1	3	50329786	50340936	11150
HEMK1	3	50569152	50596166	27014
RBM15B	3	51391285	51397905	6620
GRM2	3	51707068	51718609	11541
IQCF4	3	51817603	51819635	2032
PARP3	3	51942305	51948867	6562
ACY1	3	51983535	51989197	5662
SEMA3G	3	52433035	52445103	12068
SMIM4	3	52536605	52541890	5285
GNL3	3	52685920	52694494	8574
NEK4	3	52708444	52770949	62505
ITIH1	3	52777599	52792068	14469
STIMATE	3	52836756	52897548	60792
TKT	3	53224707	53256114	31407
CACNA2D3-AS1	3	54874605	54901255	26650
ERC2-IT1	3	55657211	55659469	2258
ARHGEF3	3	56727420	57079268	351848
ARHGEF3-AS1	3	56940040	56960852	20812
LOC105377102	3	57269566	57278127	8561
ACOX2	3	58505136	58537190	32054
FAM107A	3	58564118	58627610	63492
FAM3D	3	58633946	58666774	32828
PTPRG-AS1	3	62261819	62318947	57128
C3orf14	3	62318973	62336191	17218
SYNPR	3	63278308	63616924	338616
C3orf49	3	63819299	63848636	29337
PRICKLE2-AS1	3	64067964	64103131	35167
PRICKLE2-AS2	3	64103470	64106358	2888
ADAMTS9	3	64515655	64688000	172345
LOC105377146	3	68500637	68505872	5235
UBA3	3	69054730	69080373	25643
SAMMSON	3	69999744	70015300	15556
GPR27	3	71753855	71756496	2641
LINC00877	3	72035519	72100455	64936
CNTN3	3	74262569	74521140	258571
FAM86DP	3	75421552	75435115	13563
LINC02018	3	75435308	75512177	76869
LINC02077	3	78038705	78048963	10258
LINC02027	3	80993868	81095647	101779
CADM2-AS2	3	85799987	85828050	28063
VGLL3	3	86937973	86991149	53176
POU1F1	3	87259404	87276584	17180
HTR1F	3	87792706	87993838	201132
CGGBP1	3	88051950	88149866	97916
CLDND1	3	98515473	98523066	7593
GPR15	3	98531978	98534681	2703
LNP1	3	100401539	100456319	54780
TFG	3	100709290	100748967	39677
PCNP	3	101574094	101594466	20372
NXPE3	3	101779211	101828231	49020
CBLB	3	105655461	105869401	213940
LINC00636	3	107883205	107928906	45701
CD47	3	108043094	108091088	47994
CIP2A	3	108549866	108589438	39572
DPPA4	3	109326141	109337572	11431
CD96	3	111542197	111665996	123799
PHLDB2	3	111732496	111976517	244021
TMPRSS7	3	112039618	112081269	41651
BTLA	3	112463966	112499472	35506
LINC02042	3	112736449	112749319	12870
CD200R1L-AS1	3	112802478	112820216	17738
CD200R1	3	112921206	112975103	53897
BOC	3	113211557	113287458	75901
CFAP44-AS1	3	113403998	113433992	29994
NAA50	3	113716458	113746249	29791
QTRT2	3	114056737	114088421	31684
TIGIT	3	114294028	114310288	16260
ZBTB20-AS1	3	114351811	114388978	37167
ZBTB20-AS3	3	114873033	114876514	3481
ZBTB20-AS4	3	115100423	115103061	2638
TEX55	3	119146165	119151456	5291
POGLUT1	3	119468963	119494707	25744
TIMMDC1	3	119498547	119525090	26543
LRRC58	3	120324509	120349354	24845
LINC02049	3	120812181	120836357	24176
POLQ	3	121431431	121545988	114557
FBXO40	3	121593379	121630294	36915
EAF2	3	121835180	121886526	51346
ILDR1	3	121987323	122022247	34924
CSTA	3	122325248	122341968	16720
PARP9	3	122527924	122564784	36860
PARP15	3	122577650	122639047	61397
ADCY5	3	123282296	123448545	166249
HACD2	3	123491548	123585053	93505
MYLK	3	123610049	123884332	274283
HEG1	3	124965710	125055997	90287
ALDH1L1-AS1	3	126103640	126108069	4429
TXNRD3	3	126607059	126655124	48065
LINC02016	3	127322307	127390670	68363
GATA2-AS1	3	128489203	128503207	14004
LINC01565	3	128572000	128576086	4086
KIAA1257	3	128909873	129004002	94129
IFT122	3	129440036	129520507	80471
TRH	3	129974720	129977935	3215
NEK11	3	131026877	131350465	323588
TMEM108-AS1	3	133246448	133257121	10673
TF	3	133661998	133796641	134643
CEP63	3	134485724	134575013	89289
MSL2	3	136148917	136196335	47418
PCCB	3	136250325	136330171	79846
STAG1	3	136336236	136752378	416142
SLC35G2	3	136819019	136855892	36873
SOX14	3	137764315	137766330	2015
A4GNT	3	138123713	138132390	8677
MRAS	3	138347648	138405535	57887
PIK3CB	3	138652698	138834928	182230
LINC01391	3	138935189	138944020	8831
ATP1B3	3	141876643	141926548	49905
TRPC1	3	142724034	142807887	83853
PAQR9	3	142949164	142964008	14844
U2SURP	3	143001570	143060725	59155
CHST2	3	143119771	143124014	4243
PLSCR2	3	146433288	146495991	62703
LINC02010	3	146921923	146925218	3295
CPB1	3	148827811	148860185	32374
HLTF-AS1	3	149086332	149102823	16491
TM4SF4	3	149474697	149503394	28697
LINC01214	3	150265407	150323747	58340
ERICH6	3	150659885	150703920	44035
P2RY14	3	151212117	151278542	66425
P2RY13	3	151326313	151329549	3236
LOC101928166	3	152159464	152205429	45965
P2RY1	3	152835131	152841439	6308
RAP2B	3	153162226	153170626	8400
KCNAB1-AS1	3	156441157	156446936	5779
LINC00886	3	156747343	156817062	69719
SHOX2	3	158095905	158106420	10515
IQCJ-SCHIP1-AS1	3	159765382	159768612	3230
IL12A-AS1	3	159913401	160207092	293691
C3orf80	3	160225636	160228213	2577
LINC02067	3	161426427	161448242	21815
LINC01192	3	163177243	163303301	126058
SERPINI2	3	167441789	167474132	32343
LRRC77P	3	167895948	167924009	28061
LRRC34	3	169793003	169812904	19901
LRRIQ4	3	169821891	169837772	15881
SEC62	3	169966807	169998373	31566
GPR160	3	170037995	170085392	47397
SLC2A2	3	170996347	171026720	30373
PLD1	3	171600404	171810483	210079
ECT2	3	172750685	172821474	70789
LINC00501	3	177294442	177323435	28993
MFN1	3	179347709	179394936	47227
NDUFB5	3	179604787	179627647	22860
LINC02053	3	180414173	180422501	8328
CCDC39	3	180614008	180679489	65481
LINC00888	3	183447608	183456012	8404
KLHL24	3	183635623	183684516	48893
ABCC5	3	183919936	184017884	97948
EIF2B5	3	184135358	184145311	9953
DVL3	3	184155377	184173614	18237
EEF1AKMT4-ECE2	3	184249672	184293031	43359
FAM131A	3	184335926	184346275	10349
POLR2H	3	184361710	184368595	6885
THPO	3	184371935	184379688	7753
EPHB3	3	184561785	184582408	20623
LOC107986163	3	184712243	184738944	26701
EHHADH-AS1	3	185162901	185191955	29054
SENP2	3	185586295	185633551	47256
LINC02020	3	186440345	186445242	4897
TBCCD1	3	186546067	186570543	24476
AHSG	3	186613060	186621318	8258
EIF4A2	3	186783577	186789896	6319
RFC4	3	186789893	186806695	16802
MASP1	3	187216085	187292022	75937
LINC02041	3	187447046	187449949	2903
LPP-AS1	3	188562237	188568666	6429
TPRG1	3	189171971	189325304	153333
TP63	3	189596746	189897279	300533
CLDN16	3	190387872	190412143	24271
GMNC	3	190852737	190862694	9957
MB21D2	3	192796816	192917856	121040
HES1	3	194136148	194138732	2584
LINC02036	3	194203016	194250153	47137
LRRC15	3	194355249	194369743	14494
TNK2	3	195863364	195909009	45645
SDHAP1	3	195959921	195990279	30358
FBXO45	3	196568660	196589059	20399
CEP19	3	196706277	196712250	5973
PIGZ	3	196946356	196968833	22477
DLG1	3	197042560	197299321	256761
DLG1-AS1	3	197298247	197303750	5503
LRCH3	3	197791226	197888434	97208
RPL35A	3	197950190	197956610	6420
LMLN	3	197960200	198043720	83520
ZNF595	4	53285	88211	34926
ZNF718	4	124476	202306	77830
LOC105374338	4	577168	584866	7698
PDE6B	4	625574	670892	45318
MYL5	4	674542	682028	7486
LOC105374344	4	1113639	1132975	19336
TMED11P	4	1115197	1123164	7967
SPON2	4	1166933	1208962	42029
LOC100130872	4	1195783	1208962	13179
MAEA	4	1289891	1340148	50257
SLBP	4	1692731	1712319	19588
FGFR3	4	1793293	1808872	15579
LETM1	4	1811479	1856156	44677
NELFA	4	1982724	2008974	26250
RNF4	4	2469106	2515859	46753
ADD1	4	2843844	2930075	86231
NOP14-AS1	4	2935546	2951073	15527
HGFAC	4	3441968	3449486	7518
ADRA2C	4	3766385	3768526	2141
ZBTB49	4	4290251	4321783	31532
STX18	4	4418969	4542343	123374
STX18-IT1	4	4476121	4481700	5579
STX18-AS1	4	4542131	4710937	168806
STK32B	4	5051480	5500989	449509
EVC	4	5711201	5814305	103104
C4orf50	4	5957112	6018546	61434
JAKMIP1	4	6026199	6200549	174350
MRFAP1L1	4	6707701	6709865	2164
CCDC96	4	7040850	7043001	2151
SORCS2	4	7192538	7742827	550289
LINC02517	4	8320176	8323965	3789
GPR78	4	8580392	8590023	9631
USP17L20	4	9215405	9269211	53806
USP17L21	4	9220152	9264464	44312
USP17L27	4	9325165	9364721	39556
USP17L24	4	9325165	9364721	39556
HS3ST1	4	11393150	11428894	35744
NKX3-2	4	13540830	13544508	3678
FGFBP1	4	15935577	15938740	3163
LAP3	4	17577304	17607967	30663
SOD3	4	24795573	24800842	5269
PI4K2B	4	25234033	25279204	45171
ZCCHC4	4	25312774	25370383	57609
LOC101929161	4	25531040	25569346	38306
SEL1L3	4	25747433	25863566	116133
RBPJ	4	26163458	26435130	271672
LINC02506	4	31997379	32155406	158027
DTHD1	4	36281616	36347511	65895
LINC02616	4	37001779	37020706	18927
NWD2	4	37244743	37449463	204720
PGM2	4	37826686	37862937	36251
TBC1D1	4	37891084	38139175	248091
LINC02513	4	38366914	38385746	18832
LINC01258	4	38420662	38523180	102518
LINC01259	4	38509767	38518056	8289
KLF3-AS1	4	38612701	38664628	51927
KLF3	4	38664199	38701517	37318
TMEM156	4	38966746	39032409	65663
RFC1	4	39287456	39366362	78906
LIAS	4	39459024	39479506	20482
SMIM14	4	39546336	39638865	92529
UBE2K	4	39698136	39782790	84654
PDS5A	4	39822863	39977956	155093
LINC02265	4	40307185	40330419	23234
CHRNA9	4	40335333	40355217	19884
LIMCH1	4	41359607	41700044	340437
DCAF4L1	4	41981756	41986461	4705
GNPDA2	4	44701795	44726634	24839
CORIN	4	47593998	47838106	244108
LOC101927179	4	47831345	47896848	65503
CNGA1	4	47935977	48016681	80704
NIPAL1	4	48016772	48040173	23401
ZAR1	4	48490252	48494389	4137
LRRC66	4	51993652	52020363	26711
USP46	4	52590961	52659301	68340
USP46-AS1	4	52659406	52661498	2092
ERVMER34-1	4	52742553	52751640	9087
FIP1L1	4	53377641	53460862	83221
LNX1-AS1	4	53500077	53523276	23199
PDGFRA	4	54229293	54298247	68954
LINC02260	4	54603211	54607131	3920
CLOCK	4	55427901	55546909	119008
ARL9	4	56505209	56524456	19247
POLR2B	4	56978640	57031162	52522
LINC02429	4	58984282	59046959	62677
LINC02232	4	64914281	65004500	90219
LOC101927237	4	67417305	67422000	4695
SYT14P1	4	68060610	68063297	2687
UGT2B7	4	69051264	69112987	61723
LOC105377267	4	69182100	69216767	34667
UGT2B4	4	69480165	69526014	45849
SULT1B1	4	69721167	69760620	39453
ODAM	4	70196527	70204576	8049
GC	4	71741694	71805520	63826
ADAMTS3	4	72280969	72569221	288252
ANKRD17	4	73073376	73258798	185422
AFM	4	73481745	73504001	22256
LINC02499	4	73508803	73528533	19730
RASSF6	4	73571550	73620631	49081
EPGN	4	74308470	74316786	8316
BTC	4	74744760	74794523	49763
THAP6	4	75514473	75547322	32849
ODAPH	4	75556048	75565893	9845
LOC101928809	4	75980790	76005941	25151
CXCL11	4	76033687	76036070	2383
SCARB2	4	76158739	76213824	55085
SHROOM3	4	76435229	76783252	348023
CCNI	4	77047155	77075989	28834
MRPL1	4	77862830	77952785	89955
ANXA3	4	78551770	78610445	58675
LINC01094	4	78645994	78684501	38507
BMP2K	4	78776350	78912187	135837
PCAT4	4	79827471	79863247	35776
RASGEF1B	4	81426393	81471907	45514
HNRNPD	4	82352498	82373996	21498
THAP9-AS1	4	82893452	82900916	7464
HELQ	4	83407343	83455883	48540
AFF1-AS1	4	86924894	86934850	9956
NUDT9	4	87422573	87459455	36882
TIGD2	4	89112817	89114901	2084
ATOH1	4	93828753	93830964	2211
HPGDS	4	94298535	94342836	44301
BMPR1B-DT	4	94743668	94757533	13865
BMPR1B	4	94757955	95158450	400495
UNC5C	4	95162505	95548973	386468
EIF4E	4	98871684	98930637	58953
ADH5	4	99070979	99088788	17809
ADH1C	4	99336497	99352746	16249
C4orf17	4	99511021	99542303	31282
TRMT10A	4	99546711	99564039	17328
DDIT4L	4	100185870	100190468	4598
LOC105377621	4	102418602	102502486	83884
SLC9B1	4	102885050	103019705	134655
CXXC4	4	104468310	104494894	26584
PPA2	4	105369077	105474070	104993
NPNT	4	105895471	105971671	76200
LOC101929595	4	107863479	107932119	68640
RPL34-AS1	4	108538190	108620457	82267
SEC24B	4	109433715	109540883	107168
CFI	4	109730982	109802225	71243
PITX2	4	110617424	110642123	24699
TIFA	4	112274537	112285904	11367
NEUROG2-AS1	4	112515379	112546884	31505
ZGRF1	4	112539333	112636995	97662
ANK2	4	112706018	113383740	677722
NDST4	4	114827771	115113620	285849
METTL14	4	118685392	118715430	30038
LOC101929762	4	119192773	119212644	19871
GTF2IP12	4	119449570	119454628	5058
NDNF	4	121035613	121072535	36922
ADAD1	4	122379011	122429784	50773
BBS12	4	122732702	122744943	12241
HSPA4L	4	127781796	127840733	58937
PLK4	4	127880893	127899222	18329
ABHD18	4	127965406	128039927	74521
PGRMC2	4	128269242	128287813	18571
LINC02479	4	130376361	130388071	11710
PCDH10	4	133149294	133194700	45406
LINC02172	4	137545731	137603430	57699
LINC00616	4	138027423	138130685	103262
CLGN	4	140388453	140427661	39208
MGAT4D	4	140442262	140498293	56031
RNF150	4	140859807	141133469	273662
ZNF330	4	141220895	141234696	13801
USP38	4	143184917	143223874	38957
LOC105377458	4	143817794	143829348	11554
GYPE	4	143870864	143905559	34695
OTUD4	4	145133650	145180589	46939
ZNF827	4	145757627	145938823	181196
REELD1	4	146214538	146232267	17729
IQCM	4	149351709	149815843	464134
LRBA	4	150264436	151015727	751291
LOC729558	4	150579089	150581233	2144
RPS3A	4	151099573	151104642	5069
GATB	4	151670509	151761023	90514
LINC02273	4	152100753	152104716	3963
ARFIP1	4	152779937	152912357	132420
LOC100419170	4	153640168	153681180	41012
MAP9	4	155342660	155376965	34305
PDGFC	4	156760454	156971799	211345
GASK1B	4	158124474	158173025	48551
RAPGEF2	4	159104051	159360173	256122
TMA16	4	163494690	163520539	25849
MARCHF1	4	163524298	164383255	858957
KLHL2	4	165207561	165323156	115595
GK3P	4	165277792	165280023	2231
LOC101928131	4	165730779	165743071	12292
TLL1	4	165873237	166104457	231220
SPOCK3	4	166733385	167234590	501205
DDX60	4	168216294	168318752	102458
DDX60L	4	168356735	168480514	123779
CBR4	4	168987591	169010255	22664
NEK1	4	169392809	169612583	219774
GALNTL6-AS1	4	172629932	172726878	96946
FBXO8	4	174236659	174283667	47008
GLRA3	4	174636920	174829247	192327
NEIL3	4	177309874	177362936	53062
WWC2-AS2	4	183097021	183099199	2178
WWC2	4	183099257	183320776	221519
CLDN22	4	183318067	183320276	2209
TRAPPC11	4	183659267	183713594	54327
STOX2	4	183798022	184023530	225508
LINC02427	4	184506460	184537583	31123
CASP3	4	184627696	184649475	21779
ACSL1	4	184755595	184826114	70519
ANKRD37	4	185396841	185400237	3396
UFSP2	4	185399538	185425985	26447
CCDC110	4	185445184	185471733	26549
SORBS2	4	185585444	185956372	370928
TLR3	4	186069155	186085098	15943
FLJ38576	4	186189032	186191490	2458
F11-AS1	4	186286098	186501058	214960
LOC339975	4	187304083	187505613	201530
SLC9A3	5	470456	524449	53993
SLC9A3-AS1	5	473236	480891	7655
ZDHHC11B	5	710355	784729	74374
TRIP13	5	892884	918120	25236
LOC105374620	5	2917854	2920528	2674
LINC01020	5	5034359	5070002	35643
ICE1	5	5422677	5490220	67543
LINC02145	5	6310441	6337292	26851
SRD5A1	5	6633440	6674383	40943
LINC02102	5	6686325	6707711	21386
LOC442132	5	7301330	7306714	5384
C5orf49	5	7830379	7851133	20754
SEMA5A-AS1	5	9511333	9518086	6753
LINC02112	5	9641315	9903824	262509
ATPSCKMT	5	10225508	10249909	24401
TRIO	5	14143342	14510204	366862
OTULIN	5	14664718	14699850	35132
FBXL7	5	15500180	15939796	439616
MYO10	5	16661907	16936288	274381
LINC02111	5	17378906	17387310	8404
LINC02217	5	17404019	17441694	37675
PDZD2	5	31639131	32110932	471801
ZFR	5	32354350	32444740	90390
SUB1	5	32585557	32604079	18522
TARS1	5	33440696	33468091	27395
C1QTNF3	5	34017858	34244724	226866
RAD1	5	34905261	34915504	10243
BRIX1	5	34915711	34925996	10285
DNAJC21	5	34929559	34958964	29405
SPEF2	5	35617863	35814611	196748
CAPSL	5	35904288	35938779	34491
UGT3A2	5	36035021	36066882	31861
NIPBL-DT	5	36871361	36876694	5333
NIPBL	5	36876769	37066413	189644
GDNF	5	37812677	37840041	27364
GDNF-AS1	5	37839884	37875798	35914
LINC02107	5	38025697	38183932	158235
RICTOR	5	38937921	39074399	136478
FYB1	5	39105252	39270649	165397
LINC02104	5	39520431	39524708	4277
OXCT1	5	41730065	41870425	140360
C5orf51	5	41904344	41921636	17292
LOC101926960	5	42155833	42175345	19512
FLJ32255	5	42985399	42993333	7934
LOC153684	5	43042134	43045268	3134
NIM1K	5	43192225	43280850	88625
EMB	5	50396192	50441288	45096
ISL1	5	51383448	51394729	11281
PELO	5	52787916	52804044	16128
FST	5	53480629	53487134	6505
GZMA	5	55102646	55110252	7606
MCIDAS	5	55219566	55227315	7749
PLPP1	5	55424842	55535078	110236
SLC38A9	5	55625845	55712335	86490
ANKRD55	5	56099680	56233330	133650
C5orf67	5	56511282	56606256	94974
LINCR-0003	5	57570342	57617427	47085
SMIM15	5	61157704	61162468	4764
IPO11-LRRC70	5	62578735	62628589	49854
HTR1A	5	63960048	63962292	2244
CWC27	5	64768918	65018763	249845
MAST4-AS1	5	67001618	67004154	2536
CD180	5	67179614	67196799	17185
LINC02242	5	67632266	67646789	14523
LINC02219	5	68189876	68198407	8531
PIK3R1	5	68215756	68301821	86065
OCLN	5	69492547	69558104	65557
MCCC2	5	71587340	71658706	71366
LINC01386	5	73454190	73472966	18776
UTP15	5	73565741	73583380	17639
ARHGEF28	5	73626158	73941993	315835
HEXB	5	74640023	74721288	81265
GCNT4	5	75025347	75052558	27211
PDE8B	5	77180304	77428255	247951
LOC101929154	5	77884656	77959096	74440
ARSB	5	78777211	78985958	208747
JMY	5	79236131	79327211	91080
CMYA5	5	79689836	79800221	110385
LINC01455	5	79936579	79967626	31047
CTD-2201I18.1	5	80066350	80083665	17315
ZFYVE16	5	80408064	80483379	75315
ANKRD34B	5	80556755	80570280	13525
DHFR	5	80626226	80654983	28757
VCAN-AS1	5	83531352	83562314	30962
TMEM161B	5	88188316	88268879	80563
TMEM161B-AS1	5	88268882	88436674	167792
CETN3	5	90393335	90409786	16451
LYSMD3	5	90515626	90529584	13958
NR2F1	5	93583222	93594609	11387
POU5F2	5	93733220	93741600	8380
FAM81B	5	95391366	95450441	59075
GLRX	5	95813849	95822873	9024
LINC01554	5	95852232	95860132	7900
LOC101929710	5	95962001	96631085	669084
PCSK1	5	96390334	96433248	42914
LNPEP	5	96936080	97037512	101432
LIX1	5	97091867	97142611	50744
RIOK2	5	97160867	97183247	22380
LINC01340	5	97504696	97671051	166355
LINC00492	5	102581368	102617587	36219
GIN1	5	103086000	103120138	34138
MAN2A1	5	109689366	109869625	180259
STARD4	5	111496035	111512597	16562
STARD4-AS1	5	111512226	111739726	227500
EPB41L4A	5	112142440	112419277	276837
LOC101927023	5	112228283	112257309	29026
LOC101927078	5	114447418	114773413	325995
LOC102467217	5	115642125	115672652	30527
CDO1	5	115804733	115816659	11926
LOC101927190	5	116367416	116374570	7154
SEMA6A-AS1	5	116447498	116471673	24175
SEMA6A-AS2	5	116574418	116611200	36782
LINC02214	5	116743302	116762209	18907
TNFAIP8	5	119268759	119399688	130929
HSD17B4	5	119452497	119542332	89835
LOC101927357	5	122581499	122584600	3101
CEP120	5	123344885	123423842	78957
LINC01170	5	124059794	124438520	378726
LOC101927488	5	126272517	126285175	12658
GRAMD2B	5	126360120	126494356	134236
LMNB1	5	126776623	126837020	60397
FBN2	5	128257909	128538245	280336
LYRM7	5	131170944	131205428	34484
RAPGEF6	5	131423921	131635229	211308
FNIP1	5	131641714	131797017	155303
ACSL6	5	131949974	132012068	62094
P4HA2-AS1	5	132184876	132192805	7929
PDLIM4	5	132257658	132273454	15796
IRF1-AS1	5	132410929	132476044	65115
IRF1	5	132481609	132490773	9164
TH2LCRR	5	132630589	132656154	25565
LOC105379176	5	132679085	132682629	3544
CCNI2	5	132747426	132754403	6977
AFF4	5	132875396	132963634	88238
TCF7	5	134114681	134148229	33548
SKP1	5	134148935	134177033	28098
LOC102546229	5	134429051	134435047	5996
TXNDC15	5	134873770	134901633	27863
C5orf66-AS2	5	135236234	135248177	11943
DCANP1	5	135444214	135447348	3134
TGFBI	5	136028988	136063818	34830
LOC105379192	5	137128197	137130969	2772
HNRNPA0	5	137745651	137754363	8712
LOC100130172	5	138032774	138038933	6159
WNT8A	5	138083892	138092365	8473
LOC100128966	5	138332105	138337146	5041
FAM53C	5	138337557	138349729	12172
HSPA9	5	138553759	138575401	21642
PAIP2	5	139341832	139369720	27888
UBE2D2	5	139561166	139628433	67267
NRG2	5	139846779	140043299	196520
SLC4A9	5	140360194	140375140	14946
ANKHD1	5	140401814	140539849	138035
APBB3	5	140558268	140564604	6336
WDR55	5	140664799	140670968	6169
HARS2	5	140691455	140699305	7850
PCDHA2	5	140794852	141012346	217494
PCDHA7	5	140834269	141012346	178077
LOC101926905	5	141046205	141078031	31826
PCDHB7	5	141172644	141176383	3739
PCDHB16	5	141181690	141186221	4531
PCDHB11	5	141199627	141203779	4152
PCDHB19P	5	141240121	141244744	4623
PCDHGA4	5	141355021	141512973	157952
PCDHGB3	5	141370242	141512973	142731
PCDHGA6	5	141373891	141512973	139082
PCDHGB4	5	141387885	141512973	125088
PCDHGA9	5	141402953	141512979	110026
HDAC3	5	141620876	141636856	15980
DELE1	5	141923871	141942047	18176
FGF1	5	142592178	142698070	105892
ARHGAP26	5	142770377	143229011	458634
HMHB1	5	143812161	143820716	8555
KCTD16	5	144170873	144485686	314813
PPP2R2B-IT1	5	146914207	146919506	5299
SPINK1	5	147824580	147839231	14651
SPINK13	5	148268794	148286255	17461
SPINK7	5	148312423	148315918	3495
SH3TC2	5	148982150	149063062	80912
SH3TC2-DT	5	149063317	149109787	46470
ABLIM3	5	149141447	149260438	118991
PCYOX1L	5	149358046	149369653	11607
CSNK1A1	5	149492982	149551439	58457
PPARGC1B	5	149730310	149855022	124712
PDE6A	5	149857953	149944793	86840
CSF1R	5	150053291	150113372	60081
PDGFRB	5	150113839	150155845	42006
ARSI	5	150296343	150302905	6562
RPS14	5	150442635	150449739	7104
IRGM	5	150846521	150902402	55881
ZNF300	5	150894392	150904983	10591
TNIP1	5	151029943	151087685	57742
ANXA6	5	151100706	151157779	57073
CCDC69	5	151181052	151224092	43040
SLC36A3	5	151276361	151303766	27405
SLC36A2	5	151314973	151347559	32586
LINC01933	5	151958898	152270449	311551
MFAP3	5	154038967	154057449	18482
SAP30L	5	154445997	154461053	15056
LARP1	5	154682979	154817603	134624
TIMD4	5	156919292	156963226	43934
HAVCR2	5	157085832	157109044	23212
MED7	5	157137428	157142865	5437
ADAM19	5	157477304	157575775	98471
EBF1	5	158695920	159099916	403996
RNF145	5	159157409	159210053	52644
IL12B	5	159314780	159330487	15707
PWWP2A	5	160075885	160119450	43565
PTTG1	5	160421855	160428744	6889
LINC02159	5	160931779	160938626	6847
GABRB2	5	161288429	161548404	259975
GABRA1	5	161847191	161899971	52780
LINC01202	5	161910462	162001196	90734
NUDCD2	5	163446526	163460102	13576
MAT2B	5	163503064	163519354	16290
LINC01947	5	166905222	166926370	21148
LOC101927908	5	167164934	167168401	3467
SLIT3	5	168661740	169301139	639399
FOXI1	5	170105897	170109734	3837
KCNMB1	5	170374671	170389367	14696
KCNIP1-OT1	5	170389493	170422844	33351
KCNIP1-AS1	5	170639158	170681470	42312
TLX3	5	171309248	171312139	2891
FGF18	5	171419647	171457626	37979
STK10	5	172042079	172188224	146145
LINC01944	5	172556725	172559014	2289
LOC643201	5	176143085	176199295	56210
SNCB	5	176620082	176630561	10479
RAB24	5	177301190	177303744	2554
MXD3	5	177305499	177311898	6399
GRK6	5	177426676	177442891	16215
PRR7	5	177445995	177456286	10291
LOC105377752	5	177801079	177809507	8428
RMND5B	5	178130961	178150568	19607
CLK4	5	178602664	178627050	24386
ZNF454	5	178941198	178966433	25235
ZNF354C	5	179060373	179083977	23604
MAPK9	5	180233143	180292083	58940
GFPT2	5	180300698	180353336	52638
BTNL9	5	181040266	181061520	21254
TRIM7	5	181193924	181205196	11272
RACK1	5	181236901	181243906	7005
LOC285766	6	181466	205484	24018
FOXF2	6	1389576	1395603	6027
LOC101927730	6	2883988	2900676	16688
NQO2	6	2999816	3019876	20060
RIPK1	6	3063967	3115187	51220
BPHL	6	3118376	3153575	35199
LOC100422781	6	3231403	3239983	8580
LOC643327	6	3455703	3469010	13307
FAM217A	6	4068367	4079137	10770
F13A1	6	6144084	6320662	176578
CAGE1	6	7326660	7389742	63082
TXNDC5	6	7881514	7910788	29274
EEF1E1	6	8073360	8102548	29188
SLC35B3	6	8411435	8435567	24132
TFAP2A-AS2	6	10404502	10407927	3425
ERVFRD-1	6	11102489	11111725	9236
ADTRP	6	11713655	11779047	65392
TBC1D7	6	13304951	13328583	23632
RANBP9	6	13621498	13711835	90337
JARID2	6	15246069	15522042	275973
GMPR	6	16238587	16295549	56962
ATXN1	6	16299112	16761490	462378
STMND1	6	17102050	17131378	29328
NUP153	6	17615035	17706925	91890
NHLRC1	6	18120440	18122677	2237
TPMT	6	18128314	18155169	26855
LOC105374960	6	19449821	19459348	9527
CDKAL1	6	20534457	21232403	697946
NBAT1	6	22134602	22147193	12591
PRL	6	22287248	22302835	15587
HDGFL1	6	22569566	22571665	2099
DCDC2	6	24171755	24383292	211537
C6orf62	6	24704861	24719154	14293
SLC17A4	6	25754699	25781198	26499
SLC17A1	6	25782915	25832052	49137
SLC17A3	6	25844856	25874243	29387
H2BC12	6	27138293	27146858	8565
POM121L2	6	27309063	27312232	3169
ZNF184	6	27404006	27473118	69112
ZSCAN16-AS1	6	28121795	28137316	15521
ZKSCAN4	6	28241697	28259211	17514
LEMD2	6	33771213	33789130	17917
GRM4	6	34018643	34155622	136979
RPS10	6	34417454	34426069	8615
PACSIN1	6	34466076	34535223	69147
TCP11	6	35118064	35141410	23346
SCUBE3	6	35213956	35253079	39123
RPL10A	6	35468401	35470780	2379
FKBP5	6	35573585	35728583	154998
CLPSL2	6	35776598	35779552	2954
CLPSL1	6	35781019	35793986	12967
PNPLA1	6	36243168	36313955	70787
PXT1	6	36390551	36442854	52303
RAB44	6	36697826	36733184	35358
PPIL1	6	36854830	36874803	19973
CMTR1	6	37433221	37481508	48287
CCDC167	6	37482938	37499893	16955
SAYSD1	6	39104063	39115186	11123
KCNK5	6	39188971	39229475	40504
KCNK16	6	39314698	39322968	8270
DAAM2-AS1	6	39888790	39897380	8590
MOCS1	6	39904170	39934462	30292
APOBEC2	6	41053201	41064891	11690
NFYA	6	41072974	41102403	29429
TREML1	6	41149261	41154349	5088
TREM2	6	41158508	41163116	4608
TREML2	6	41189749	41201149	11400
NCR2	6	41335608	41350889	15281
FOXP4	6	41546381	41602384	56003
TAF8	6	42050524	42083272	32748
MRPS10	6	42206807	42217861	11054
BICRAL	6	42746987	42868560	121573
MEA1	6	43011143	43016886	5743
PTK7	6	43076314	43161720	85406
ZNF318	6	43336070	43369647	33577
C6orf223	6	44000585	44007612	7027
SLC29A1	6	44219615	44234142	14527
AARS2	6	44298731	44313347	14616
CDC5L	6	44387706	44450425	62719
SLC25A27	6	46652915	46678190	25275
LOC101926934	6	46670444	46688165	17721
TDRD6	6	46680268	46704319	24051
ADGRF5	6	46852524	46954939	102415
ADGRF4	6	47698580	47722014	23434
OPN5	6	47782039	47826380	44341
LOC101927020	6	49811540	49820503	8963
LOC101927048	6	49815493	49824766	9273
DEFB133	6	49946101	49949444	3343
DEFB114	6	49960249	49964164	3915
LINCMD1	6	52146814	52151023	4209
EFHC1	6	52420342	52497198	76856
GCM1	6	53126962	53148841	21879
KLHL31	6	53647916	53665756	17840
LRRC1	6	53795005	53924125	129120
LOC101927189	6	53929982	53997667	67685
MLIP-IT1	6	53998890	54007152	8262
MLIP	6	54018916	54266280	247364
FAM83B	6	54846771	54945099	98328
GFRAL	6	55327469	55402493	75024
HMGCLL1	6	55434373	55579214	144841
DST-AS1	6	56843986	56864338	20352
KIAA1586	6	57046532	57055239	8707
BAG2	6	57172326	57189833	17507
RAB23	6	57186994	57222314	35320
LOC100506188	6	57260524	57263346	2822
PHF3	6	63635802	63726011	90209
COL19A1	6	69866556	70212467	345911
COL9A1	6	70215061	70303084	88023
EVADR	6	70394202	70399417	5215
FAM135A	6	70413404	70561174	147770
SDHAF4	6	70566930	70589565	22635
LINC00472	6	71407865	71420745	12880
KHDC1	6	73241315	73310365	69050
DDX43	6	73394828	73417566	22738
MTO1	6	73461737	73509236	47499
EEF1A1	6	73515750	73521032	5282
IMPG1	6	75921114	76072678	151564
LINC02540	6	76522449	76593623	71174
LINC01621	6	79803583	79812246	8663
ELOVL4	6	79914816	79947553	32737
TENT5A	6	81745730	81752681	6951
LINC02542	6	81843781	82101765	257984
UBE3D	6	82892390	83065841	173451
SNAP91	6	83552886	83709408	156522
LINC01611	6	84421031	84474929	53898
NT5E	6	85449584	85495791	46207
ZNF292	6	87155565	87265943	110378
CFAP206	6	87407972	87464465	56493
RNGTT	6	88609897	88963618	353721
PNRC1	6	89080751	89085160	4409
MDN1	6	89642498	89819794	177296
MAP3K7	6	90513580	90587072	73492
PNISR	6	99398050	99425345	27295
MCHR2	6	99918521	99994238	75717
ASCC3	6	100508195	100881372	373177
BVES	6	105096824	105137157	40333
QRSL1	6	106629578	106668417	38839
LINC02526	6	106695485	106699994	4509
LINC02532	6	106717452	106787541	70089
SCML4	6	107702154	107824313	122159
SEC63	6	107867756	107958208	90452
MICAL1	6	109444063	109465968	21905
FIG4	6	109691221	109825431	134210
METTL24	6	110243895	110358272	114377
TRAF3IP2	6	111555378	111606274	50896
RFPL4B	6	112347330	112351294	3964
LINC02880	6	113904387	113921642	17255
HDAC2	6	113933028	113971148	38120
LINC02534	6	115633542	115643835	10293
FRK	6	115931149	116060891	129742
DSE	6	116254171	116444861	190690
GPRC6A	6	116792085	116829057	36972
VGLL2	6	117265558	117273565	8007
GOPC	6	117560270	117602511	42241
SLC35F1	6	117907264	118317671	410407
LOC105377967	6	118085903	118095472	9569
BRD7P3	6	118501373	118503833	2460
PLN	6	118548296	118561716	13420
MAN1A1	6	119177205	119349761	172556
TRDN	6	123216339	123637093	420754
TRDN-AS1	6	123439604	123471756	32152
TPD52L1	6	125153773	125264406	110633
LINC02523	6	125674353	125720218	45865
HEY2	6	125749632	125761269	11637
TRMT11	6	125986430	126079726	93296
RNF146	6	127266682	127288560	21878
ENPP3	6	131637302	131747410	110108
ENPP1	6	131808020	131895155	87135
MOXD1	6	132296055	132401475	105420
LINC00326	6	133088080	133106578	18498
TARID	6	133502252	133889006	386754
LINC01312	6	133821147	133853992	32845
SGK1	6	134169246	134318058	148812
MYB	6	135181308	135219172	37864
MAP7	6	136342281	136550819	208538
MAP3K5	6	136557046	136792477	235431
IL20RA	6	136999971	137045180	45209
IL22RA2	6	137143820	137173644	29824
LINC02539	6	137730171	137739037	8866
SMIM28	6	138377643	138383825	6182
FILNC1	6	139771073	139860471	89398
LOC100507477	6	139976319	140093721	117402
LTV1	6	143843273	143863812	20539
ZC2HC1B	6	143864474	143938343	73869
PLAGL1	6	143940300	144064599	124299
SHPRH	6	145884809	145964358	79549
GRM1	6	146027707	146437600	409893
ADGB	6	146598972	146815461	216489
STXBP5-AS1	6	146841389	147204614	363225
LUADT1	6	147158925	147180992	22067
STXBP5	6	147204358	147390476	186118
SAMD5	6	147508690	147570021	61331
UST-AS1	6	148954261	148964684	10423
ZC3H12D	6	149446795	149485014	38219
GINM1	6	149566375	149591744	25369
PCMT1	6	149749695	149811421	61726
ULBP1	6	149963943	149973715	9772
RAET1K	6	149998019	150005144	7125
PLEKHG1	6	150599885	150843665	243780
MTHFD1L	6	150865679	151101887	236208
MYCT1	6	152697895	152728182	30287
VIP	6	152750797	152759760	8963
OPRM1	6	154010496	154246867	236371
TIAM2	6	155090289	155257723	167434
SNX9	6	157823246	157945077	121831
SERAC1	6	158109519	158168262	58743
DYNLT1	6	158636475	158644743	8268
C6orf99	6	158869814	158910353	40539
ACAT2	6	159762045	159779112	17067
TCP1	6	159778498	159789703	11205
AIRN	6	160003291	160007664	4373
SLC22A2	6	160216755	160258821	42066
PACRG-AS1	6	163309985	163324473	14488
DKFZp451B082	6	163338342	163347033	8691
LINC00473	6	165924048	165988039	63991
FGFR1OP	6	166999317	167052718	53401
TTLL2	6	167325086	167342688	17602
LINC01558	6	167784539	167796859	12320
KIF25-AS1	6	167994187	167997077	2890
LOC101929420	6	168242938	168262578	19640
SMOC2	6	168441184	168667992	226808
THBS2	6	169215780	169254114	38334
C6orf120	6	169702112	169706360	4248
TBP	6	170554333	170572870	18537
PRKAR1B-AS1	7	602845	608502	5657
DNAAF5	7	726699	786475	59776
ZFAND2A	7	1148850	1160196	11346
MICALL2	7	1434359	1459470	25111
TMEM184A	7	1542235	1556205	13970
PSMG3	7	1567334	1570032	2698
TFAMP1	7	1614470	1616692	2222
ELFN1-AS1	7	1738631	1742310	3679
MAD1L1	7	1815795	2232945	417150
MRM2	7	2234195	2242205	8010
EIF3B	7	2354086	2380742	26656
LFNG	7	2512529	2529176	16647
IQCE	7	2558972	2614734	55762
TTYH3	7	2631986	2664802	32816
PAPOLB	7	4857738	4862030	4292
RNF216P1	7	4973985	4998169	24184
TNRC18	7	5306792	5423546	116754
LOC100129484	7	5426283	5428927	2644
ACTB	7	5527148	5530601	3453
KDELR2	7	6461089	6484152	23063
ZDHHC4	7	6577434	6589374	11940
ZNF12	7	6688434	6706947	18513
COL28A1	7	7357875	7535873	177998
RPA3	7	7636518	7718607	82089
NDUFA4	7	10931943	10940153	8210
THSD7A	7	11370365	11832198	461833
VWDE	7	12330885	12403941	73056
ETV1	7	13891231	13991425	100194
LOC105375166	7	15667947	15681979	14032
AHR	7	17298652	17346147	47495
TWIST1	7	19113048	19117636	4588
LOC101927811	7	20328301	20331762	3461
DNAH11	7	21543039	21901839	358800
IL6-AS1	7	22725395	22727620	2225
SNHG26	7	22854240	22861436	7196
FAM126A	7	22934231	23014130	79899
NUP42	7	23182048	23201006	18958
OSBPL3	7	24796537	24980178	183641
NFE2L3	7	26152198	26187136	34938
SNX10	7	26291862	26374382	82520
SKAP2	7	26667062	26864590	197528
HOXA4	7	27128525	27130757	2232
HOXA5	7	27141052	27143681	2629
HOXA10-AS	7	27168899	27171915	3016
HOXA11	7	27181157	27185232	4075
HOXA11-AS	7	27185408	27189293	3885
HOTTIP	7	27200421	27207259	6838
EVX1-AS	7	27241429	27247229	5800
TRIL	7	28953358	28958330	4972
CPVL	7	28994636	29195451	200815
LOC101928168	7	29125033	29128172	3139
CHN2	7	29146547	29514335	367788
CHN2-AS1	7	29199040	29208970	9930
PLEKHA8	7	30028361	30130482	102121
GGCT	7	30496621	30504841	8220
GARS1	7	30594735	30634032	39297
MINDY4	7	30771417	30892387	120970
GHRHR	7	30963953	30979528	15575
RP9P	7	32916815	32943170	26355
RP9	7	33094798	33109404	14606
NPSR1-AS1	7	34346512	34834331	487819
HERPUD2	7	35632660	35695135	62475
SEPTIN7-AS1	7	35754964	35800625	45661
KIAA0895	7	36324152	36390357	66205
NME8	7	37848597	37900396	51799
SFRP4	7	37905933	37916817	10884
TARP	7	38259643	38273647	14004
CDK13	7	39950256	40099580	149324
MRPL32	7	42932376	42937854	5478
URGCP-MRPS24	7	43866558	43906596	40038
URGCP	7	43875894	43926411	50517
DBNL	7	44044640	44069456	24816
CAMK2B	7	44217150	44325631	108481
NUDCD3	7	44379119	44490658	111539
OGDH	7	44606627	44709066	102439
NACAD	7	45080437	45088969	8532
RAMP3	7	45157791	45184250	26459
IGFBP3	7	45912245	45921272	9027
HUS1	7	47963288	47979615	16327
ABCA13	7	48171458	48647497	476039
DDC-AS1	7	50531759	50543463	11704
SEPTIN14	7	55793541	55862752	69211
PHKG1	7	56080283	56092996	12713
LOC101928401	7	56534230	56538130	3900
ZNF479	7	57119619	57139864	20245
GUSBP10	7	57165670	57180156	14486
LOC100287834	7	63349070	63399041	49971
ZNF117	7	64971776	64991036	19260
ERV3-1-ZNF117	7	64971776	65006746	34970
ERV3-1	7	64990356	65006687	16331
LOC441242	7	65647010	65770810	123800
GUSB	7	65960686	65982213	21527
CRCP	7	66114818	66154566	39748
RABGEF1	7	66654567	66811461	156894
TMEM248	7	66921225	66958551	37326
SBDS	7	66987680	66995586	7906
TYW1	7	66996805	67239514	242709
CALN1	7	71779491	72447143	667652
STAG3L3	7	72997295	73005943	8648
NCF1B	7	73220639	73235945	15306
FZD9	7	73433778	73436120	2342
MLXIPL	7	73593202	73624522	31320
VPS37D	7	73667831	73672110	4279
ABHD11	7	73736095	73738867	2772
METTL27	7	73834591	73842516	7925
TMEM270	7	73861159	73865890	4731
RFC2	7	74231502	74254458	22956
LOC101926943	7	74688937	74728918	39981
STAG3L2	7	74881990	74890612	8622
CCL24	7	75810825	75823372	12547
DTX2P1-UPK3BP1-PMS2P11	7	76980822	77023759	42937
SPDYE18	7	77052733	77060881	8148
FAM185BP	7	77081655	77122289	40634
GSAP	7	77310751	77416349	105598
LOC101927243	7	77415198	77425443	10245
LOC101927269	7	80371517	80374439	2922
GNAT3	7	80458635	80512064	53429
CD36	7	80602207	80679277	77070
LOC100128317	7	81576386	81691406	115020
CACNA2D1-AS1	7	82009177	82029955	20778
PCLO	7	82754012	83162884	408872
SEMA3A	7	83955777	84194789	239012
CROT	7	87345664	87399794	54130
ADAM22	7	87934143	88202889	268746
LOC102723885	7	88216660	88219224	2564
GTPBP10	7	90346716	90391453	44737
MTERF1	7	91870941	91880702	9761
GATAD1	7	92447482	92460075	12593
CDK6-AS1	7	92836483	92917187	80704
SAMD9L	7	93130056	93148385	18329
VPS50	7	93232340	93361123	128783
GNGT1	7	93906567	93911265	4698
BET1	7	93962764	94004355	41591
CASD1	7	94509809	94557016	47207
PON2	7	95404862	95435072	30210
SEM1	7	96481626	96709891	228265
TAC1	7	97732086	97740472	8386
LMTK2	7	98106862	98209638	102776
BRI3	7	98281686	98292963	11277
PDAP1	7	99394676	99408597	13921
ATP5MF-PTCD1	7	99416739	99466167	49428
TRIM4	7	99890403	99919530	29127
COPS6	7	100088969	100092187	3218
MAP11	7	100154423	100158723	4300
GPC2	7	100169606	100177381	7775
STAG3	7	100177724	100214387	36663
SPDYE3	7	100307702	100322196	14494
ZCWPW1	7	100400816	100428703	27887
TSC22D4	7	100466519	100479214	12695
FBXO24	7	100586328	100601117	14789
MOSPD3	7	100612162	100615377	3215
TFR2	7	100620416	100641552	21136
LOC105375429	7	100656561	100666426	9865
GNB2	7	100673740	100679169	5429
GIGYF1	7	100679507	100694250	14743
ZAN	7	100733595	100797797	64202
TRIP6	7	100867387	100873454	6067
MUC12	7	100969623	101018949	49326
AP1S1	7	101154476	101161276	6800
VGF	7	101162509	101165569	3060
COL26A1	7	101362820	101559024	196204
SPDYE6	7	102345746	102356444	10698
LOC100630923	7	102363861	102426682	62821
UPK3BL2	7	102537919	102544788	6869
SPDYE2	7	102551232	102661400	110168
UPK3BL1	7	102637025	102642791	5766
DNAJC2	7	103312289	103344873	32584
PSMC2	7	103347524	103369395	21871
LHFPL3	7	104328656	104908556	579900
KMT2E-AS1	7	105010542	105014141	3599
SLC26A4	7	107660828	107717807	56979
CBLL1	7	107743697	107761667	17970
DLD	7	107891107	107921198	30091
DNAJB9	7	108569874	108574850	4976
IFRD1	7	112423144	112477203	54059
PPP1R3A	7	113876777	113919009	42232
TFEC	7	115935148	116030763	95615
LOC102724434	7	116275606	116286727	11121
CAV1	7	116525009	116561185	36176
ST7-OT3	7	117182681	117209937	27256
TSPAN12	7	120787320	120858144	70824
ING3	7	120950777	120977214	26437
PTPRZ1	7	121873161	122062036	188875
AASS	7	122073550	122144249	70699
ASB15-AS1	7	123614161	123624957	10796
HYAL6P	7	123814139	123819430	5291
GRM8	7	126438598	127252941	814343
FSCN3	7	127593736	127602144	8408
SND1-IT1	7	127997509	128000077	2568
LEP	7	128241278	128257629	16351
CCDC136	7	128791438	128822130	30692
FLNC	7	128830406	128859274	28868
SSMEM1	7	130207860	130216844	8984
CPA1	7	130380494	130388108	7614
COPG2	7	130506239	130668758	162519
COPG2IT1	7	130543453	130546899	3446
MKLN1	7	131110094	131496632	386538
PODXL	7	131500271	131556628	56357
PLXNA4	7	132123332	132648688	525356
LRGUK	7	134127340	134264595	137255
TMEM140	7	135148072	135166215	18143
STMP1	7	135662514	135676415	13901
FAM180A	7	135729592	135748813	19221
PTN	7	137227346	137343733	116387
CREB3L2	7	137874979	138002086	127107
TRIM24	7	138460259	138589996	129737
KIAA1549	7	138831381	138981389	150008
UBN2	7	139231237	139308236	76999
LUC7L2	7	139340359	139423457	83098
FMC1-LUC7L2	7	139341132	139423457	82325
LOC100129148	7	139417463	139427526	10063
KDM7A-DT	7	140177261	140179640	2379
NDUFB2	7	140696708	140706643	9935
MRPS33	7	141002610	141014952	12342
CLEC5A	7	141927357	141946974	19617
PIP	7	143132077	143139739	7662
LOC105375545	7	143255299	143286334	31035
ZNF783	7	149262196	149284994	22798
ZNF746	7	149472696	149497809	25113
ZNF862	7	149838375	149867479	29104
LINC00996	7	150433654	150448140	14486
GIMAP1	7	150716613	150724283	7670
AOC1	7	150852517	150861504	8987
NOS3	7	150991017	151014588	23571
ATG9B	7	151012209	151024499	12290
CDK5	7	151053815	151057897	4082
FASTK	7	151076621	151080883	4262
AGAP3	7	151085867	151144434	58567
CRYGN	7	151428832	151440813	11981
LOC644090	7	151806338	151810820	4482
PRKAG2-AS1	7	151877042	151879223	2181
GALNTL5	7	151956446	152019929	63483
XRCC2	7	152644776	152676141	31365
LINC01287	7	153399919	153412234	12315
LOC101929998	7	154055585	154060570	4985
HTR5A	7	155070324	155087392	17068
LOC285889	7	156437789	156445588	7799
MNX1	7	157004853	157010663	5810
UBE3C	7	157138926	157269370	130444
LOC100506585	7	157854585	157866090	11505
NCAPG2	7	158631169	158704804	73635
ESYT2	7	158730997	158829509	98512
FAM87A	8	375931	383174	7243
TDRP	8	489790	545781	55991
MICU3	8	17027238	17122641	95403
CNOT7	8	17224966	17246909	21943
VPS37A	8	17246892	17333455	86563
SLC7A2	8	17497088	17570566	73478
NAT1	8	18170467	18223689	53222
INTS10	8	19817149	19852083	34934
XPO7	8	21919662	22006585	86923
FAM160B2	8	22089150	22104911	15761
SFTPC	8	22161798	22164478	2680
SLC39A14	8	22367278	22434127	66849
C8orf58	8	22599599	22604149	4550
CCAR2	8	22604757	22621514	16757
TNFRSF10C	8	23102814	23117437	14623
TNFRSF10D	8	23135591	23164027	28436
CHMP7	8	23243637	23261999	18362
R3HCC1	8	23288092	23296279	8187
ENTPD4	8	23429152	23457731	28579
PPP2R2A	8	26291508	26372679	81171
DPYSL2	8	26514031	26658175	144144
EPHX2	8	27491143	27545564	54421
ELP3	8	28090232	28191152	100920
INTS9	8	28767658	28890181	122523
LINC02209	8	29921513	29953607	32094
MBOAT4	8	30131671	30144665	12994
UBXN8	8	30744164	30767004	22840
NRG1-IT1	8	32025736	32139477	113741
MAK16	8	33485182	33501262	16080
RNF122	8	33547754	33567128	19374
LINC01605	8	37406464	37521386	114922
PLPBP	8	37762546	37779768	17222
BRF2	8	37843268	37849861	6593
ADRB3	8	37962990	37966599	3609
PLPP5	8	38263132	38269232	6100
FGFR1	8	38411138	38468834	57696
TM2D2	8	38988808	38996509	7701
ANK1	8	41653225	41896741	243516
PLAT	8	42174718	42207565	32847
IKBKB	8	42271302	42332653	61351
DKK4	8	42374063	42377229	3166
VDAC3	8	42391761	42405937	14176
CHRNB3	8	42697366	42737407	40041
FNTA	8	43056299	43085788	29489
POMK	8	43093506	43123434	29928
HGSNAT	8	43140464	43202854	62390
LOC100507464	8	49496763	49512180	15417
ST18	8	52110832	52409879	299047
RB1CC1	8	52622458	52714466	92008
OPRK1	8	53225716	53251697	25981
SOX17	8	54457935	54460892	2957
CYP7A1	8	58490178	58500163	9985
LOC100505501	8	59119210	59123478	4268
CA8	8	60185412	60281400	95988
CLVS1	8	61287970	61501629	213659
TTPA	8	63059489	63086053	26564
LOC102724612	8	63465849	63475482	9633
BHLHE22	8	64580365	64583626	3261
LINC00251	8	65161145	65180340	19195
MTFR1	8	65644653	65710563	65910
CRH	8	66176376	66178464	2088
VCPIP1	8	66628487	66667231	38744
C8orf44	8	66667596	66681531	13935
SGK3	8	66712781	66862022	149241
MCMDC2	8	66870771	66922048	51277
CSPP1	8	67064368	67196614	132246
ARFGEF1	8	67197660	67343781	146121
LOC102724708	8	67343834	67491868	148034
PREX2	8	67952046	68237032	284986
C8orf34-AS1	8	68303468	68331491	28023
LINC01592	8	68911803	69104190	192387
TRAM1	8	70573218	70608416	35198
MSC	8	71841542	71844496	2954
TRPA1	8	72021250	72075584	54334
KCNB2	8	72537225	72938349	401124
RDH10-AS1	8	73310906	73356461	45555
STAU2-AS1	8	73420074	73441518	21444
MIR2052HG	8	74599866	74758352	158486
PI15	8	74824534	74855029	30495
PKIA	8	78516340	78605267	88927
IL7	8	78732772	78805523	72751
MRPS28	8	79918717	80030259	111542
PMP2	8	81440326	81447439	7113
FABP9	8	81458253	81461579	3326
IMPA1P1	8	81603884	81631277	27393
IMPA1	8	81656914	81686354	29440
LRRCC1	8	85107238	85146079	38841
CA2	8	85463902	85481493	17591
WWP1	8	86342547	86468503	125956
CNGB3	8	86573935	86743675	169740
MMP16	8	88032014	88327483	295469
NBN	8	89933336	89984724	51388
LINC00534	8	90221488	90387959	166471
C8orf88	8	90958471	90985238	26767
PIP4P2	8	90993803	91040859	47056
SLC26A7	8	91209496	91398154	188658
LOC102724710	8	92565443	92655494	90051
TRIQK	8	92883530	92966144	82614
C8orf87	8	93134095	93166850	32755
LINC00535	8	93346467	93700433	353966
TMEM67	8	93754844	93819238	64394
RAD54B	8	94371960	94475115	103155
MIR3150BHG	8	95066808	95073182	6374
GDF6	8	96142333	96160806	18473
MTDH	8	97644184	97730260	86076
LAPTM4B	8	97775788	97853013	77225
MATN2	8	97869064	98036723	167659
RIDA	8	98102344	98117171	14827
VPS13B	8	99013266	99877586	864320
RNF19A	8	100257059	100336204	79145
PABPC1	8	100702916	100722088	19172
ZNNT1	8	101166805	101170239	3434
KLF10	8	102648777	102655725	6948
AZIN1	8	102826302	102864200	37898
LINC01181	8	103121032	103140355	19323
CTHRC1	8	103371538	103382989	11451
DCAF13	8	103415386	103443452	28066
ZFPM2-AS1	8	105780410	106060503	280093
EMC2	8	108443583	108489196	45613
ENY2	8	109334347	109345954	11607
SYBU	8	109573979	109691791	117812
LINC00536	8	115950511	116325059	374548
RAD21-AS1	8	116874424	116876868	2444
MED30	8	117520713	117540262	19549
MAL2	8	119208363	119245673	37310
ENPP2	8	119557086	119673390	116304
MRPL13	8	120395437	120445150	49713
FAM83A	8	123179047	123210079	31032
ZHX1	8	123248450	123275541	27091
FAM91A1	8	123768439	123815450	47011
TRMT12	8	124450820	124453025	2205
TATDN1	8	124488495	124539088	50593
SQLE	8	124998505	125022283	23778
LRATD2	8	126552443	126558478	6035
CASC19	8	127187786	127197627	9841
ASAP1	8	130052105	130443674	391569
HHLA1	8	132061486	132105265	43779
LOC105375773	8	133663761	133684066	20305
NCRNA00250	8	134838069	134842637	4568
LOC401478	8	137809675	138083545	273870
TRAPPC9	8	139727726	140458579	730853
DENND3	8	141128589	141195804	67215
TSNARE1	8	142212080	142403182	191102
ARC	8	142611049	142614479	3430
LNCOC1	8	142702252	142726973	24721
LYNX1	8	142771197	142777872	6675
ZFP41	8	143246939	143262705	15766
GLI4	8	143267445	143276931	9486
TOP1MT	8	143309326	143359977	50651
EPPK1	8	143857325	143878467	21142
PARP10	8	143977158	143986460	9302
GPAA1	8	144082634	144086216	3582
MROH1	8	144148016	144261940	113924
SCX	8	144266453	144268480	2027
PPP1R16A	8	144477982	144502121	24139
GPT	8	144504140	144507172	3032
LRRC14	8	144517992	144525172	7180
C8orf82	8	144525733	144529111	3378
ZNF34	8	144772224	144787345	15121
LOC100130027	8	144808810	144827040	18230
TMED10P1	8	144994865	144998897	4032
CBWD1	9	121038	179075	58037
DMRT2	9	1050354	1057554	7200
VLDLR-AS1	9	2535655	2622373	86718
PLPP6	9	4662294	4665258	2964
CDC37L1	9	4679569	4708398	28829
RLN2	9	5299866	5304716	4850
PDCD1LG2	9	5510531	5571282	60751
TPD52L3	9	6328375	6331891	3516
FREM1	9	14733486	14910995	177509
SNAPC3	9	15422784	15466733	43949
CCDC171	9	15553043	15974039	420996
BNC2	9	16409503	16870670	461167
SAXO1	9	18927650	19049354	121704
PLIN2	9	19115761	19127606	11845
RPS6	9	19375716	19380236	4520
SLC24A2	9	19507455	19789037	281582
HACD4	9	20999509	21031640	32131
MTAP	9	21802636	21867081	64445
IFT74	9	26946990	27066134	119144
LRRC19	9	26993137	27005672	12535
MOB3B	9	27325209	27529814	204605
DDX58	9	32455302	32526196	70894
TAF1L	9	32629454	32635669	6215
APTX	9	32972606	33025120	52514
SMU1	9	33041766	33076674	34908
SPINK4	9	33240167	33248567	8400
CHMP5	9	33264879	33282070	17191
NOL6	9	33461353	33473943	12590
PTENP1-AS	9	33677268	33688010	10742
UBE2R2	9	33817160	33920399	103239
DNAJB5-DT	9	34985411	34989379	3968
FANCG	9	35073838	35080016	6178
PIGO	9	35088688	35096601	7913
UNC13B	9	35162009	35405338	243329
CCDC107	9	35658290	35661508	3218
SPAG8	9	35807785	35812262	4477
HINT2	9	35812960	35815042	2082
TMEM8B	9	35829225	35865515	36290
GNE	9	36214441	36276978	62537
RNF38	9	36336401	36401198	64797
POLR1E	9	37485935	37503697	17762
TOMM5	9	37588415	37592639	4224
FRMPD1	9	37603229	37746904	143675
TRMT10B	9	37753803	37778972	25169
DCAF10	9	37800554	37867668	67114
ALDH1B1	9	38392702	38398660	5958
ANKRD18A	9	38571364	38620596	49232
FAM201A	9	38621088	38623280	2192
CNTNAP3B	9	41891890	42129504	237614
SPATA31A7	9	60914407	61196280	281873
LOC100132249	9	62834248	62838346	4098
LERFS	9	62857856	62898087	40231
SPATA31A3	9	66986304	66992550	6246
CNTNAP3P2	9	67059460	67297156	237696
PGM5	9	68356611	68531061	174450
FXN	9	69035752	69079076	43324
SMC5-AS1	9	70216059	70258874	42815
TRPM3	9	70529060	71446971	917911
RORB-AS1	9	74473435	74498553	25118
RORB	9	74497335	74693173	195838
NMRK1	9	75060577	75088155	27578
OSTF1	9	75088514	75147265	58751
PCA3	9	76764436	76787569	23133
LOC101927450	9	79135423	79145666	10243
FRMD3	9	83242990	83538401	295411
AGTPBP1	9	85546539	85742029	195490
LOC101927623	9	86127540	86157072	29532
ISCA1	9	86264548	86282538	17990
TUT7	9	86287733	86354410	66677
LOC440173	9	87008451	87042126	33675
LOC497256	9	87867673	87939260	71587
SPATA31E1	9	87882877	87888902	6025
SECISBP2	9	89318500	89359663	41163
SEMA4D	9	89360787	89498113	137326
UNQ6494	9	89639783	89719759	79976
NFIL3	9	91409045	91424626	15581
LINC00475	9	92141467	92159608	18141
CENPP	9	92325468	92620527	295059
ASPN	9	92456207	92482506	26299
ECM2	9	92493547	92536092	42545
SUSD3	9	93058688	93085136	26448
WNK2	9	93184930	93320572	135642
C9orf129	9	93318199	93346414	28215
MFSD14B	9	94374569	94461037	86468
FBP1	9	94603139	94640263	37124
AOPEP	9	94726669	95087218	360549
LOC158434	9	96106661	96116411	9750
HSD17B3	9	96235306	96302176	66870
HABP4	9	96450169	96491336	41167
PRXL2C	9	96639578	96655317	15739
LOC100132781	9	96868900	96872228	3328
TMOD1	9	97501180	97601743	100563
NCBP1	9	97633423	97673747	40324
XPA	9	97674909	97697409	22500
HEMGN	9	97926791	97944852	18061
TRIM14	9	98084353	98119222	34869
CORO2A	9	98120975	98192637	71662
LOC101928438	9	99585786	99819889	234103
NR4A3	9	99821855	99866891	45036
MSANTD3-TMEFF1	9	100441906	100577636	135730
TMEFF1	9	100473149	100577636	104487
RNF20	9	101533853	101563344	29491
LINC01492	9	103140528	103325033	184505
SMC2-AS1	9	104080024	104092474	12450
TMEM38B	9	105694541	105776629	82088
LINC01505	9	106616058	106679800	63742
LINC01509	9	107420284	107466585	46301
TMEM245	9	109015135	109119947	104812
FRRS1L	9	109130293	109167249	36956
TXN	9	110243810	110256507	12697
MUSK	9	110668791	110806558	137767
PTGR1	9	111549722	111599855	50133
LRRC37A5P	9	111602831	111613553	10722
DNAJC25-GNG10	9	111631334	111670226	38892
C9orf147	9	112451798	112487644	35846
KIAA1958	9	112486827	112669397	182570
ZNF883	9	112997120	113012192	15072
FAM225A	9	113112896	113119846	6950
SLC31A2	9	113151007	113164140	13133
FKBP15	9	113161006	113221277	60271
BSPRY	9	113349541	113371222	21681
C9orf43	9	113410747	113429688	18941
RGS3	9	113444730	113597743	153013
KIF12	9	114091638	114099057	7419
ORM2	9	114329789	114333256	3467
AKNA	9	114334156	114394405	60249
TEX48	9	114666434	114682192	15758
TNFSF8	9	114893343	114930595	37252
TLR4	9	117704403	117724735	20332
LINC01613	9	119935060	119937832	2772
CUTALP	9	120843075	120854373	11298
PHF19	9	120855651	120894896	39245
GGTA1P	9	121455041	121500027	44986
DAB2IP	9	121567102	121785530	218428
TTLL11	9	121821925	122093606	271681
NDUFA8	9	122132466	122159779	27313
MORN5	9	122159908	122200088	40180
ZBTB6	9	122908056	122913323	5267
CRB2	9	123356197	123380326	24129
DENND1A	9	123379654	123930138	550484
NR5A1	9	124481236	124507399	26163
SCAI	9	124942609	125143528	200919
LOC101929116	9	126270124	126275915	5791
NIBAN2	9	127505344	127579031	73687
STXBP1	9	127611912	127696029	84117
CFAP157	9	127706988	127716002	9014
CDK9	9	127786034	127790785	4751
AK1	9	127866480	127879621	13141
ST6GALNAC6	9	127885321	127905348	20027
ST6GALNAC4	9	127907886	127917041	9155
LCN2	9	128149453	128153453	4000
SWI5	9	128275379	128288989	13610
COQ4	9	128322839	128334072	11233
SLC27A4	9	128340527	128361470	20943
ENDOG	9	128818500	128822676	4176
PTPA	9	129110950	129148946	37996
LINC01503	9	129336923	129347477	10554
LINC00963	9	129488660	129513689	25029
C9orf50	9	129612225	129620776	8551
TOR1B	9	129803143	129811289	8146
GPRACR	9	130140610	130144219	3609
HMCN2	9	130265760	130434123	168363
QRFP	9	130892709	130896812	4103
MED27	9	131860112	132079867	219755
NTNG2	9	132162058	132244524	82466
GTF3C4	9	132670035	132694955	24920
SPACA9	9	132878344	132890201	11857
TSC1	9	132891349	132944616	53267
LOC105376306	9	133028152	133030422	2270
GTF3C5	9	133030675	133058503	27828
ADAMTSL2	9	133532164	133575519	43355
BRD3OS	9	134025476	134031587	6111
LOC401557	9	135181609	135187306	5697
SOHLH1	9	135693409	135699481	6072
NACC2	9	136006537	136095289	88752
CCDC187	9	136280942	136306901	25959
ENTR1	9	136401922	136410614	8692
NOTCH1	9	136494433	136546048	51615
EGFL7	9	136658856	136672678	13822
SNHG7	9	136724594	136728184	3590
CCDC183	9	136796338	136807741	11403
RABL6	9	136807948	136841187	33239
AJM1	9	136842478	136847345	4867
MAMDC4	9	136852346	136860799	8453
LINC02692	9	136969412	136972884	3472
PTGDS	9	136977504	136981742	4238
STPG3	9	137251261	137253483	2222
NELFB	9	137255327	137273541	18214
TOR4A	9	137277726	137282641	4915
NOXA1	9	137423393	137434406	11013
PNPLA7	9	137459952	137550402	90450
DPH7	9	137554444	137578925	24481
ARRDC1-AS1	9	137615332	137618895	3563
LOC100133077	9	137867925	137892570	24645
FAM157B	9	138216856	138272073	55217
XG	X	2752052	2816501	64449
ARSF	X	3040234	3112729	72495
FAM239A	X	3850992	3882351	31359
NLGN4X	X	5890026	6228867	338841
ANOS1	X	8528874	8732137	203263
TBL1X	X	9463295	9719740	256445
HCCS	X	11111332	11123084	11752
TMSB4X	X	12975110	12977220	2110
LINC02154	X	13266048	13303452	37404
TCEANC	X	13653141	13665408	12267
GPM6B	X	13770922	13938824	167902
GEMIN8	X	14006726	14029892	23166
FANCB	X	14843405	14873069	29664
ASB9	X	15243987	15270467	26480
ASB11	X	15281709	15315640	33931
CA5BP1	X	15674916	15703721	28805
NHS	X	17375200	17735993	360793
NHS-AS1	X	17552349	17559127	6778
SCML1	X	17737449	17754988	17539
BEND2	X	18162931	18220904	57973
BCLAF3	X	19912862	19970264	57402
MAP7D2	X	20006713	20116907	110194
EIF1AX	X	20124525	20141838	17313
MBTPS2	X	21839617	21885423	45806
SMS	X	21940573	21994837	54264
PHEX-AS1	X	22162732	22172983	10251
SAT1	X	23783158	23786223	3065
APOO	X	23833361	23907938	74577
EIF2S3	X	24054956	24078810	23854
ZFX-AS1	X	24146225	24149654	3429
SUPT20HL2	X	24308215	24313393	5178
SUPT20HL1	X	24362683	24367842	5159
MAGEB18	X	26138343	26140736	2393
DCAF8L2	X	27590344	27749942	159598
PRRG1	X	37349330	37457295	107965
DYNLT3	X	37838836	37847571	8735
SRPX	X	38149335	38220924	71589
MID1IP1	X	38801432	38806530	5098
BCOR	X	40051246	40177329	126083
CXorf38	X	40626921	40647561	20640
MAOB	X	43766610	43882450	115840
NDP	X	43948776	43973390	24614
EFHC2	X	44147872	44343672	195800
KDM6A	X	44873175	45112779	239604
DIPK2B	X	45148373	45200876	52503
LINC01204	X	45505388	45527239	21851
ZNF674-AS1	X	46545490	46548475	2985
CHST7	X	46573765	46598496	24731
NDUFB11	X	47142216	47145210	2994
UBA1	X	47190847	47215128	24281
ZNF157	X	47370600	47413699	43099
TIMP1	X	47582436	47586789	4353
SPACA5	X	48004336	48132613	128277
SSX5	X	48186220	48196795	10575
SSX4	X	48383527	48411899	28372
LOC101927635	X	48506529	48508839	2310
EBP	X	48521808	48528716	6908
RBM3	X	48574484	48581161	6677
GLOD5	X	48761747	48773648	11901
HDAC6	X	48801398	48824982	23584
PCSK1N	X	48831096	48835610	4514
TIMM17B	X	48893447	48898143	4696
OTUD5	X	48922026	48958381	36355
TFE3	X	49028726	49043357	14631
GPKOW	X	49113407	49123735	10328
CCDC22	X	49235470	49250520	15050
GAGE12D	X	49322026	49587314	265288
GAGE13	X	49331603	49338952	7349
GAGE8	X	49331626	49338952	7326
GAGE12E	X	49532177	49587304	55127
USP27X-AS1	X	49876724	49879356	2632
CLCN5	X	49922596	50099235	176639
AKAP4	X	50190777	50201007	10230
BMP15	X	50910735	50916641	5906
NUDT10	X	51332231	51337525	5294
CENPVL1	X	51681213	51712130	30917
MAGED1	X	51803076	51902354	99278
SNORA11E	X	52063347	52190748	127401
SNORA11D	X	52063347	52190748	127401
XAGE2	X	52369021	52375679	6658
SSX8P	X	52622935	52633948	11013
FAM156A	X	52897296	52995472	98176
SMC1A	X	53374149	53422728	48579
PAGE5	X	55220346	55224108	3762
PAGE3	X	55258416	55264916	6500
RRAGB	X	55717749	55758774	41025
FAAH2	X	57286677	57489196	202519
EDA2R	X	66595640	66639298	43658
YIPF6	X	68498782	68537285	38503
EFNB1	X	68828997	68842163	13166
AWAT2	X	70040542	70049938	9396
IGBP1	X	70133447	70166323	32876
ARR3	X	70268334	70281840	13506
PDZD11	X	70286596	70289927	3331
KIF4A	X	70290104	70420886	130782
CXorf65	X	71103889	71106740	2851
NLGN3	X	71144831	71171201	26370
TAF1	X	71366357	71530525	164168
FLJ44635	X	72144184	72161750	17566
TSIX	X	73792205	73829231	37026
XIST	X	73820651	73852753	32102
FTX	X	74028136	74293574	265438
SLC16A2	X	74421493	74533916	112423
MIR325HG	X	76657798	77014532	356734
FGF16	X	77447389	77457278	9889
PGK1	X	78104248	78129295	25047
GPR174	X	79170972	79175317	4345
HMGN5	X	81113699	81201913	88214
SH3BGRL	X	81202102	81298547	96445
LOC101928128	X	85210706	85219289	8583
POF1B	X	85277396	85379665	102269
CPXCR1	X	88747225	88754784	7559
PABPC5	X	91434839	91438584	3745
CENPI	X	101098182	101163673	65491
TIMM8A	X	101345661	101348742	3081
ARMCX1	X	101550547	101554692	4145
TCEAL2	X	102125679	102127712	2033
NXF4	X	102549965	102571693	21728
RAB9B	X	103776324	103832282	55958
H2BW1	X	104011147	104013687	2540
NRK	X	105822539	105958610	136071
RADX	X	106611930	106679443	67513
PRPS1	X	107628424	107651026	22602
COL4A6	X	108155607	108439458	283851
TMEM164	X	110002635	110184249	181614
AMMECR1	X	110194186	110440233	246047
TDGF1P3	X	110520312	110523021	2709
CHRDL1	X	110673856	110795817	121961
CAPN6	X	111245099	111270483	25384
DCX	X	111293779	111412192	118413
TRPC5	X	111774314	112082776	308462
LHFPL1	X	112630648	112679938	49290
AMOT	X	112774503	112840831	66328
RBMXL3	X	115189400	115192868	3468
LUZP4	X	115289715	115307563	17848
PLS3	X	115561174	115650859	89685
DOCK11	X	118495909	118686160	190251
LINC01285	X	118839556	118882014	42458
KIAA1210	X	119078635	119150579	71944
UBE2A	X	119574563	119584423	9860
NKRF	X	119588337	119606424	18087
RPL39	X	119786504	119791630	5126
AKAP14	X	119895893	119920716	24823
RHOXF1P1	X	120010717	120015551	4834
RHOXF2B	X	120072264	120164039	91775
LAMP2	X	120426148	120469349	43201
CUL4B	X	120523860	120575829	51969
CT47B1	X	120872598	120875925	3327
CT47A1	X	120877491	120985784	108293
CT47A7	X	120953283	120956600	3317
GLUD2	X	121047610	121050094	2484
THOC2	X	123600570	123733052	132482
LOC101928402	X	123959233	123961341	2108
TEX13D	X	124332660	124336863	4203
DCAF12L2	X	126163499	126166289	2790
ELF4	X	130064881	130110891	46010
RAB33A	X	130171962	130184870	12908
RBMX2	X	130401987	130413656	11669
ENOX2	X	130623381	130903317	279936
FIRRE	X	131691528	131830643	139115
RAP2C-AS1	X	132218507	132432811	214304
MBNL3	X	132369315	132490035	120720
PHF6	X	134373312	134428790	55478
PLAC1	X	134565841	134764322	198481
FAM122C	X	134796395	134854830	58435
MOSPD1	X	134887632	134915257	27625
RTL8B	X	135020513	135022542	2029
SMIM10L2B-AS1	X	135120621	135123601	2980
CT45A3	X	135760044	135768191	8147
CT45A2	X	135811668	135871812	60144
CT45A8	X	135811980	135871812	59832
SLC9A6	X	135985427	136047269	61842
FHL1	X	136146702	136211359	64657
SPANXA2	X	141583684	141590762	7078
SLITRK4	X	143622790	143636101	13311
MIR514A2	X	147281943	147284728	2785
FMR1NB	X	147981337	148026664	45327
TMEM185A	X	149596556	149631912	35356
LINC00894	X	149938548	150016787	78239
FATE1	X	151716035	151723192	7157
MAGEA5	X	152114049	152117939	3890
GABRA3	X	152166234	152451315	285081
MAGEA2B	X	152714586	152753884	39298
CSAG4	X	152733827	152740983	7156
NSDHL	X	152830967	152869729	38762
PNMA5	X	152988824	152994116	5292
PNMA6A	X	153072414	153075019	2605
MAGEA1	X	153179284	153183880	4596
ZNF275	X	153334153	153352926	18773
ZFP92	X	153418323	153421628	3305
ATP2B3	X	153536122	153582929	46807
PNCK	X	153669733	153687771	18038
ABCD1	X	153724856	153744755	19899
MECP2	X	154021573	154097731	76158
OPN1LW	X	154144243	154159032	14789
FLNA	X	154348531	154374638	26107
EMD	X	154379295	154381523	2228
RPL10	X	154398065	154402339	4274
ATP6AP1	X	154428677	154436516	7839
FAM223A	X	154571248	154633182	61934
CTAG1A	X	154585133	154619292	34159
MPP1	X	154778684	154805527	26843
H2AB2	X	154884969	155460008	575039
F8A3	X	154886375	155458600	572225
BRCC3	X	155071420	155123074	51654
RAB39B	X	155258235	155264491	6256
RPS4Y1	Y	2841602	2867267	25665
ZFY	Y	2935381	2982506	47125
ZFY-AS1	Y	2966819	3002626	35807
LINC00278	Y	3002996	3102272	99276
TBL1Y	Y	6910686	7091683	180997
FAM197Y7	Y	9349580	9525268	175688
FAM197Y6	Y	9390191	9395808	5617
FAM197Y3	Y	9499341	9504941	5600
TTTY22	Y	9801153	9813245	12092
UTY	Y	13248379	13480670	232291
TMSB4Y	Y	13703899	13706022	2123
VCY1B	Y	13985772	14056958	71186
VCY	Y	13985772	14056958	71186
NLGN4Y	Y	14522616	14845653	323037
HSFY1	Y	18546688	18773718	227030
TTTY10	Y	20465668	20519228	53560
RBMY2FP	Y	22308859	22316205	7346
